0 199
200 10000
0 100 14
0 101 2
0 102 3
0 103 9
0 104 2
0 105 12
0 106 4
0 107 7
0 108 12
0 109 11
0 110 11
0 111 12
0 112 9
0 113 2
0 114 9
0 115 5
0 116 3
0 117 5
0 118 11
0 119 6
0 120 7
0 121 13
0 122 14
0 123 9
0 124 9
0 125 9
0 126 13
0 127 4
0 128 15
0 129 6
0 130 15
0 131 2
0 132 6
0 133 2
0 134 5
0 135 3
0 136 1
0 137 1
0 138 5
0 139 11
0 140 1
0 141 1
0 142 7
0 143 1
0 144 11
0 145 5
0 146 9
0 147 5
0 148 12
0 149 9
0 150 13
0 151 14
0 152 7
0 153 4
0 154 12
0 155 8
0 156 9
0 157 3
0 158 4
0 159 3
0 160 5
0 161 7
0 162 7
0 163 4
0 164 15
0 165 12
0 166 5
0 167 7
0 168 7
0 169 11
0 170 14
0 171 11
0 172 3
0 173 7
0 174 11
0 175 2
0 176 12
0 177 9
0 178 7
0 179 9
0 180 13
0 181 12
0 182 2
0 183 7
0 184 15
0 185 1
0 186 6
0 187 5
0 188 6
0 189 1
0 190 10
0 191 12
0 192 12
0 193 12
0 194 11
0 195 13
0 196 12
0 197 2
0 198 3
0 199 13
1 100 11
1 101 15
1 102 3
1 103 4
1 104 13
1 105 1
1 106 5
1 107 4
1 108 6
1 109 14
1 110 13
1 111 3
1 112 3
1 113 3
1 114 2
1 115 9
1 116 3
1 117 5
1 118 3
1 119 8
1 120 5
1 121 14
1 122 12
1 123 11
1 124 8
1 125 15
1 126 9
1 127 5
1 128 1
1 129 13
1 130 14
1 131 7
1 132 13
1 133 1
1 134 4
1 135 9
1 136 10
1 137 6
1 138 11
1 139 5
1 140 5
1 141 5
1 142 5
1 143 6
1 144 10
1 145 12
1 146 11
1 147 9
1 148 13
1 149 2
1 150 13
1 151 12
1 152 7
1 153 13
1 154 4
1 155 6
1 156 14
1 157 10
1 158 11
1 159 1
1 160 15
1 161 1
1 162 15
1 163 3
1 164 5
1 165 12
1 166 9
1 167 5
1 168 5
1 169 10
1 170 6
1 171 9
1 172 2
1 173 5
1 174 11
1 175 4
1 176 13
1 177 14
1 178 1
1 179 5
1 180 2
1 181 9
1 182 14
1 183 6
1 184 12
1 185 8
1 186 11
1 187 7
1 188 13
1 189 12
1 190 5
1 191 5
1 192 7
1 193 10
1 194 10
1 195 3
1 196 10
1 197 5
1 198 14
1 199 13
2 100 4
2 101 4
2 102 5
2 103 5
2 104 3
2 105 3
2 106 9
2 107 4
2 108 9
2 109 4
2 110 2
2 111 4
2 112 4
2 113 2
2 114 10
2 115 7
2 116 12
2 117 14
2 118 2
2 119 12
2 120 13
2 121 10
2 122 5
2 123 6
2 124 9
2 125 2
2 126 9
2 127 7
2 128 11
2 129 11
2 130 4
2 131 4
2 132 15
2 133 15
2 134 5
2 135 12
2 136 3
2 137 9
2 138 5
2 139 8
2 140 12
2 141 3
2 142 2
2 143 7
2 144 6
2 145 9
2 146 15
2 147 14
2 148 15
2 149 15
2 150 10
2 151 6
2 152 14
2 153 12
2 154 11
2 155 10
2 156 9
2 157 4
2 158 8
2 159 9
2 160 3
2 161 14
2 162 3
2 163 12
2 164 8
2 165 14
2 166 2
2 167 3
2 168 9
2 169 9
2 170 7
2 171 12
2 172 10
2 173 2
2 174 8
2 175 1
2 176 1
2 177 13
2 178 7
2 179 4
2 180 4
2 181 15
2 182 12
2 183 2
2 184 7
2 185 9
2 186 2
2 187 12
2 188 13
2 189 6
2 190 10
2 191 10
2 192 2
2 193 11
2 194 14
2 195 2
2 196 13
2 197 10
2 198 7
2 199 8
3 100 1
3 101 9
3 102 2
3 103 4
3 104 4
3 105 14
3 106 7
3 107 4
3 108 9
3 109 14
3 110 3
3 111 13
3 112 6
3 113 11
3 114 3
3 115 3
3 116 13
3 117 3
3 118 2
3 119 10
3 120 14
3 121 4
3 122 1
3 123 15
3 124 7
3 125 10
3 126 6
3 127 7
3 128 9
3 129 13
3 130 12
3 131 10
3 132 12
3 133 9
3 134 6
3 135 2
3 136 3
3 137 9
3 138 2
3 139 11
3 140 3
3 141 7
3 142 5
3 143 7
3 144 4
3 145 6
3 146 10
3 147 8
3 148 5
3 149 14
3 150 12
3 151 11
3 152 14
3 153 8
3 154 4
3 155 1
3 156 2
3 157 6
3 158 10
3 159 9
3 160 2
3 161 9
3 162 13
3 163 7
3 164 4
3 165 15
3 166 3
3 167 12
3 168 2
3 169 10
3 170 6
3 171 2
3 172 2
3 173 15
3 174 12
3 175 1
3 176 14
3 177 1
3 178 14
3 179 5
3 180 4
3 181 8
3 182 1
3 183 9
3 184 3
3 185 4
3 186 15
3 187 6
3 188 1
3 189 12
3 190 15
3 191 6
3 192 14
3 193 4
3 194 15
3 195 12
3 196 9
3 197 9
3 198 5
3 199 8
4 100 8
4 101 5
4 102 12
4 103 10
4 104 6
4 105 8
4 106 6
4 107 11
4 108 15
4 109 13
4 110 12
4 111 9
4 112 4
4 113 14
4 114 3
4 115 9
4 116 10
4 117 2
4 118 12
4 119 7
4 120 13
4 121 7
4 122 8
4 123 4
4 124 9
4 125 11
4 126 13
4 127 6
4 128 8
4 129 12
4 130 15
4 131 2
4 132 10
4 133 3
4 134 14
4 135 15
4 136 13
4 137 10
4 138 8
4 139 15
4 140 11
4 141 15
4 142 10
4 143 5
4 144 13
4 145 9
4 146 2
4 147 12
4 148 3
4 149 3
4 150 6
4 151 8
4 152 5
4 153 15
4 154 10
4 155 12
4 156 13
4 157 2
4 158 8
4 159 1
4 160 1
4 161 2
4 162 6
4 163 5
4 164 6
4 165 1
4 166 6
4 167 15
4 168 4
4 169 8
4 170 9
4 171 13
4 172 11
4 173 12
4 174 9
4 175 1
4 176 12
4 177 3
4 178 13
4 179 4
4 180 10
4 181 12
4 182 8
4 183 12
4 184 10
4 185 4
4 186 2
4 187 13
4 188 9
4 189 5
4 190 4
4 191 14
4 192 6
4 193 4
4 194 4
4 195 4
4 196 9
4 197 13
4 198 10
4 199 14
5 100 14
5 101 15
5 102 3
5 103 10
5 104 3
5 105 9
5 106 14
5 107 2
5 108 3
5 109 15
5 110 13
5 111 7
5 112 1
5 113 1
5 114 9
5 115 10
5 116 12
5 117 7
5 118 6
5 119 7
5 120 13
5 121 7
5 122 11
5 123 14
5 124 3
5 125 13
5 126 8
5 127 7
5 128 2
5 129 10
5 130 9
5 131 7
5 132 9
5 133 10
5 134 11
5 135 14
5 136 15
5 137 9
5 138 1
5 139 3
5 140 9
5 141 13
5 142 7
5 143 3
5 144 12
5 145 7
5 146 5
5 147 6
5 148 2
5 149 4
5 150 11
5 151 2
5 152 7
5 153 15
5 154 8
5 155 14
5 156 3
5 157 2
5 158 11
5 159 10
5 160 9
5 161 14
5 162 2
5 163 15
5 164 11
5 165 8
5 166 12
5 167 2
5 168 15
5 169 8
5 170 8
5 171 4
5 172 9
5 173 5
5 174 6
5 175 1
5 176 4
5 177 7
5 178 10
5 179 1
5 180 1
5 181 8
5 182 13
5 183 4
5 184 4
5 185 10
5 186 1
5 187 15
5 188 3
5 189 8
5 190 15
5 191 4
5 192 13
5 193 8
5 194 10
5 195 2
5 196 3
5 197 15
5 198 13
5 199 13
6 100 12
6 101 1
6 102 10
6 103 4
6 104 6
6 105 7
6 106 2
6 107 7
6 108 6
6 109 12
6 110 3
6 111 9
6 112 10
6 113 12
6 114 5
6 115 15
6 116 4
6 117 14
6 118 12
6 119 10
6 120 15
6 121 5
6 122 9
6 123 10
6 124 1
6 125 5
6 126 4
6 127 15
6 128 5
6 129 9
6 130 9
6 131 10
6 132 12
6 133 6
6 134 15
6 135 4
6 136 2
6 137 2
6 138 15
6 139 7
6 140 5
6 141 7
6 142 1
6 143 10
6 144 5
6 145 10
6 146 13
6 147 10
6 148 13
6 149 1
6 150 13
6 151 8
6 152 1
6 153 6
6 154 3
6 155 3
6 156 15
6 157 13
6 158 1
6 159 14
6 160 2
6 161 2
6 162 3
6 163 10
6 164 7
6 165 12
6 166 12
6 167 13
6 168 10
6 169 14
6 170 7
6 171 1
6 172 4
6 173 4
6 174 5
6 175 1
6 176 2
6 177 14
6 178 10
6 179 4
6 180 2
6 181 11
6 182 13
6 183 13
6 184 11
6 185 1
6 186 3
6 187 12
6 188 15
6 189 9
6 190 1
6 191 4
6 192 12
6 193 13
6 194 13
6 195 9
6 196 14
6 197 4
6 198 12
6 199 6
7 100 9
7 101 1
7 102 3
7 103 6
7 104 7
7 105 11
7 106 9
7 107 14
7 108 6
7 109 11
7 110 11
7 111 6
7 112 15
7 113 7
7 114 6
7 115 14
7 116 12
7 117 14
7 118 1
7 119 13
7 120 12
7 121 12
7 122 1
7 123 5
7 124 1
7 125 2
7 126 8
7 127 13
7 128 6
7 129 11
7 130 2
7 131 10
7 132 6
7 133 8
7 134 10
7 135 3
7 136 10
7 137 9
7 138 13
7 139 15
7 140 2
7 141 5
7 142 9
7 143 3
7 144 12
7 145 6
7 146 8
7 147 8
7 148 5
7 149 9
7 150 8
7 151 15
7 152 11
7 153 1
7 154 11
7 155 7
7 156 15
7 157 3
7 158 15
7 159 2
7 160 14
7 161 4
7 162 5
7 163 14
7 164 8
7 165 14
7 166 14
7 167 14
7 168 3
7 169 8
7 170 7
7 171 15
7 172 2
7 173 1
7 174 10
7 175 5
7 176 5
7 177 9
7 178 6
7 179 6
7 180 6
7 181 7
7 182 4
7 183 1
7 184 9
7 185 6
7 186 5
7 187 13
7 188 6
7 189 4
7 190 10
7 191 13
7 192 1
7 193 5
7 194 13
7 195 11
7 196 5
7 197 1
7 198 13
7 199 15
8 100 2
8 101 11
8 102 12
8 103 13
8 104 12
8 105 7
8 106 13
8 107 14
8 108 2
8 109 12
8 110 11
8 111 3
8 112 7
8 113 4
8 114 8
8 115 2
8 116 2
8 117 8
8 118 1
8 119 5
8 120 1
8 121 6
8 122 11
8 123 1
8 124 3
8 125 5
8 126 13
8 127 10
8 128 9
8 129 14
8 130 10
8 131 13
8 132 2
8 133 7
8 134 3
8 135 7
8 136 13
8 137 12
8 138 13
8 139 4
8 140 13
8 141 6
8 142 6
8 143 3
8 144 10
8 145 3
8 146 9
8 147 9
8 148 5
8 149 5
8 150 14
8 151 9
8 152 5
8 153 12
8 154 1
8 155 2
8 156 15
8 157 5
8 158 13
8 159 4
8 160 11
8 161 8
8 162 8
8 163 5
8 164 6
8 165 9
8 166 5
8 167 1
8 168 3
8 169 5
8 170 5
8 171 15
8 172 10
8 173 10
8 174 13
8 175 2
8 176 5
8 177 12
8 178 10
8 179 11
8 180 12
8 181 8
8 182 11
8 183 12
8 184 10
8 185 4
8 186 1
8 187 4
8 188 2
8 189 1
8 190 7
8 191 3
8 192 7
8 193 8
8 194 15
8 195 12
8 196 5
8 197 6
8 198 13
8 199 8
9 100 6
9 101 2
9 102 7
9 103 7
9 104 5
9 105 15
9 106 5
9 107 5
9 108 1
9 109 5
9 110 3
9 111 2
9 112 13
9 113 12
9 114 8
9 115 8
9 116 7
9 117 1
9 118 3
9 119 8
9 120 11
9 121 9
9 122 8
9 123 6
9 124 2
9 125 8
9 126 1
9 127 8
9 128 3
9 129 9
9 130 2
9 131 14
9 132 1
9 133 12
9 134 5
9 135 5
9 136 9
9 137 7
9 138 5
9 139 9
9 140 13
9 141 14
9 142 9
9 143 1
9 144 3
9 145 1
9 146 10
9 147 3
9 148 9
9 149 8
9 150 11
9 151 8
9 152 6
9 153 12
9 154 15
9 155 13
9 156 12
9 157 14
9 158 9
9 159 14
9 160 3
9 161 15
9 162 8
9 163 14
9 164 2
9 165 8
9 166 11
9 167 13
9 168 13
9 169 7
9 170 2
9 171 13
9 172 12
9 173 8
9 174 3
9 175 8
9 176 14
9 177 4
9 178 11
9 179 14
9 180 3
9 181 13
9 182 5
9 183 10
9 184 1
9 185 1
9 186 7
9 187 5
9 188 3
9 189 2
9 190 9
9 191 12
9 192 4
9 193 1
9 194 4
9 195 14
9 196 11
9 197 5
9 198 15
9 199 2
10 100 10
10 101 9
10 102 10
10 103 6
10 104 4
10 105 12
10 106 10
10 107 15
10 108 1
10 109 13
10 110 4
10 111 13
10 112 13
10 113 6
10 114 2
10 115 9
10 116 8
10 117 5
10 118 4
10 119 8
10 120 11
10 121 2
10 122 12
10 123 8
10 124 8
10 125 5
10 126 7
10 127 14
10 128 4
10 129 4
10 130 5
10 131 13
10 132 10
10 133 6
10 134 13
10 135 13
10 136 14
10 137 2
10 138 13
10 139 6
10 140 10
10 141 14
10 142 2
10 143 15
10 144 14
10 145 7
10 146 14
10 147 5
10 148 3
10 149 4
10 150 4
10 151 14
10 152 4
10 153 3
10 154 6
10 155 11
10 156 7
10 157 8
10 158 3
10 159 12
10 160 2
10 161 3
10 162 3
10 163 7
10 164 5
10 165 7
10 166 14
10 167 15
10 168 13
10 169 7
10 170 8
10 171 14
10 172 8
10 173 4
10 174 9
10 175 5
10 176 8
10 177 4
10 178 14
10 179 9
10 180 4
10 181 3
10 182 10
10 183 1
10 184 7
10 185 7
10 186 9
10 187 9
10 188 2
10 189 6
10 190 5
10 191 3
10 192 14
10 193 3
10 194 15
10 195 1
10 196 3
10 197 14
10 198 13
10 199 3
11 100 1
11 101 2
11 102 4
11 103 2
11 104 6
11 105 3
11 106 5
11 107 15
11 108 1
11 109 13
11 110 15
11 111 15
11 112 9
11 113 12
11 114 11
11 115 10
11 116 13
11 117 13
11 118 6
11 119 2
11 120 11
11 121 15
11 122 13
11 123 2
11 124 10
11 125 5
11 126 6
11 127 3
11 128 1
11 129 1
11 130 3
11 131 8
11 132 13
11 133 10
11 134 12
11 135 4
11 136 4
11 137 13
11 138 8
11 139 13
11 140 3
11 141 10
11 142 1
11 143 9
11 144 4
11 145 15
11 146 5
11 147 7
11 148 8
11 149 14
11 150 7
11 151 15
11 152 13
11 153 11
11 154 5
11 155 2
11 156 11
11 157 9
11 158 8
11 159 6
11 160 4
11 161 3
11 162 15
11 163 13
11 164 8
11 165 8
11 166 3
11 167 5
11 168 2
11 169 2
11 170 8
11 171 9
11 172 11
11 173 5
11 174 14
11 175 10
11 176 7
11 177 1
11 178 7
11 179 1
11 180 9
11 181 10
11 182 4
11 183 3
11 184 10
11 185 9
11 186 4
11 187 3
11 188 4
11 189 13
11 190 11
11 191 6
11 192 4
11 193 4
11 194 1
11 195 5
11 196 14
11 197 2
11 198 15
11 199 11
12 100 3
12 101 9
12 102 3
12 103 13
12 104 3
12 105 5
12 106 3
12 107 9
12 108 11
12 109 12
12 110 9
12 111 15
12 112 13
12 113 4
12 114 13
12 115 3
12 116 15
12 117 12
12 118 14
12 119 7
12 120 2
12 121 7
12 122 14
12 123 2
12 124 11
12 125 12
12 126 8
12 127 4
12 128 12
12 129 5
12 130 6
12 131 10
12 132 4
12 133 9
12 134 3
12 135 8
12 136 15
12 137 6
12 138 12
12 139 5
12 140 8
12 141 5
12 142 5
12 143 14
12 144 10
12 145 8
12 146 2
12 147 15
12 148 3
12 149 3
12 150 14
12 151 9
12 152 10
12 153 12
12 154 11
12 155 12
12 156 11
12 157 3
12 158 2
12 159 9
12 160 10
12 161 9
12 162 5
12 163 7
12 164 13
12 165 12
12 166 12
12 167 10
12 168 7
12 169 15
12 170 3
12 171 14
12 172 7
12 173 13
12 174 1
12 175 13
12 176 11
12 177 2
12 178 15
12 179 5
12 180 14
12 181 1
12 182 2
12 183 14
12 184 3
12 185 7
12 186 3
12 187 6
12 188 1
12 189 7
12 190 10
12 191 1
12 192 9
12 193 3
12 194 9
12 195 5
12 196 4
12 197 3
12 198 15
12 199 6
13 100 5
13 101 9
13 102 6
13 103 15
13 104 1
13 105 13
13 106 6
13 107 7
13 108 7
13 109 6
13 110 7
13 111 12
13 112 11
13 113 3
13 114 1
13 115 9
13 116 2
13 117 14
13 118 7
13 119 15
13 120 11
13 121 11
13 122 9
13 123 2
13 124 6
13 125 9
13 126 4
13 127 14
13 128 2
13 129 3
13 130 13
13 131 8
13 132 7
13 133 5
13 134 12
13 135 4
13 136 13
13 137 8
13 138 12
13 139 8
13 140 2
13 141 3
13 142 10
13 143 8
13 144 5
13 145 9
13 146 9
13 147 8
13 148 2
13 149 7
13 150 15
13 151 1
13 152 15
13 153 15
13 154 12
13 155 14
13 156 5
13 157 6
13 158 10
13 159 13
13 160 7
13 161 2
13 162 13
13 163 11
13 164 8
13 165 14
13 166 5
13 167 3
13 168 7
13 169 13
13 170 13
13 171 4
13 172 15
13 173 5
13 174 1
13 175 2
13 176 9
13 177 10
13 178 7
13 179 6
13 180 6
13 181 12
13 182 4
13 183 14
13 184 12
13 185 4
13 186 2
13 187 4
13 188 14
13 189 10
13 190 8
13 191 6
13 192 14
13 193 13
13 194 1
13 195 2
13 196 14
13 197 1
13 198 6
13 199 15
14 100 1
14 101 1
14 102 9
14 103 14
14 104 3
14 105 11
14 106 8
14 107 8
14 108 2
14 109 10
14 110 12
14 111 3
14 112 14
14 113 14
14 114 5
14 115 1
14 116 10
14 117 5
14 118 6
14 119 9
14 120 14
14 121 7
14 122 11
14 123 14
14 124 1
14 125 6
14 126 13
14 127 2
14 128 8
14 129 6
14 130 7
14 131 4
14 132 7
14 133 14
14 134 15
14 135 10
14 136 2
14 137 7
14 138 11
14 139 15
14 140 4
14 141 6
14 142 9
14 143 13
14 144 12
14 145 15
14 146 15
14 147 7
14 148 12
14 149 11
14 150 10
14 151 12
14 152 3
14 153 7
14 154 1
14 155 4
14 156 10
14 157 5
14 158 11
14 159 1
14 160 13
14 161 14
14 162 12
14 163 1
14 164 4
14 165 4
14 166 2
14 167 12
14 168 7
14 169 9
14 170 5
14 171 15
14 172 8
14 173 10
14 174 7
14 175 2
14 176 1
14 177 11
14 178 3
14 179 14
14 180 11
14 181 13
14 182 4
14 183 8
14 184 3
14 185 11
14 186 2
14 187 12
14 188 2
14 189 3
14 190 10
14 191 8
14 192 8
14 193 12
14 194 12
14 195 9
14 196 14
14 197 10
14 198 6
14 199 10
15 100 3
15 101 15
15 102 13
15 103 1
15 104 4
15 105 13
15 106 10
15 107 8
15 108 13
15 109 3
15 110 7
15 111 5
15 112 15
15 113 7
15 114 3
15 115 15
15 116 9
15 117 8
15 118 3
15 119 13
15 120 2
15 121 9
15 122 13
15 123 5
15 124 9
15 125 5
15 126 15
15 127 10
15 128 11
15 129 1
15 130 3
15 131 6
15 132 11
15 133 10
15 134 10
15 135 1
15 136 4
15 137 5
15 138 12
15 139 3
15 140 8
15 141 15
15 142 10
15 143 12
15 144 2
15 145 3
15 146 9
15 147 6
15 148 6
15 149 4
15 150 4
15 151 7
15 152 4
15 153 6
15 154 9
15 155 11
15 156 5
15 157 3
15 158 5
15 159 2
15 160 13
15 161 2
15 162 3
15 163 7
15 164 14
15 165 9
15 166 10
15 167 2
15 168 13
15 169 12
15 170 3
15 171 5
15 172 2
15 173 11
15 174 4
15 175 15
15 176 4
15 177 10
15 178 1
15 179 5
15 180 7
15 181 4
15 182 8
15 183 10
15 184 13
15 185 14
15 186 10
15 187 9
15 188 7
15 189 1
15 190 7
15 191 2
15 192 15
15 193 14
15 194 14
15 195 8
15 196 11
15 197 3
15 198 5
15 199 8
16 100 10
16 101 10
16 102 8
16 103 15
16 104 12
16 105 9
16 106 13
16 107 11
16 108 4
16 109 3
16 110 1
16 111 7
16 112 6
16 113 8
16 114 2
16 115 6
16 116 13
16 117 4
16 118 11
16 119 15
16 120 9
16 121 9
16 122 3
16 123 12
16 124 1
16 125 10
16 126 2
16 127 12
16 128 1
16 129 5
16 130 11
16 131 14
16 132 11
16 133 15
16 134 2
16 135 6
16 136 3
16 137 2
16 138 2
16 139 8
16 140 3
16 141 2
16 142 13
16 143 12
16 144 8
16 145 11
16 146 14
16 147 10
16 148 12
16 149 1
16 150 12
16 151 8
16 152 11
16 153 5
16 154 14
16 155 5
16 156 12
16 157 13
16 158 10
16 159 6
16 160 3
16 161 6
16 162 9
16 163 4
16 164 14
16 165 2
16 166 15
16 167 13
16 168 13
16 169 13
16 170 11
16 171 5
16 172 1
16 173 7
16 174 7
16 175 11
16 176 7
16 177 3
16 178 1
16 179 10
16 180 9
16 181 11
16 182 15
16 183 9
16 184 9
16 185 3
16 186 13
16 187 8
16 188 15
16 189 1
16 190 9
16 191 12
16 192 3
16 193 1
16 194 8
16 195 15
16 196 15
16 197 9
16 198 2
16 199 8
17 100 3
17 101 11
17 102 10
17 103 5
17 104 2
17 105 12
17 106 13
17 107 13
17 108 7
17 109 15
17 110 8
17 111 13
17 112 3
17 113 12
17 114 4
17 115 10
17 116 10
17 117 14
17 118 8
17 119 7
17 120 1
17 121 12
17 122 6
17 123 8
17 124 13
17 125 6
17 126 3
17 127 9
17 128 3
17 129 6
17 130 1
17 131 14
17 132 11
17 133 9
17 134 13
17 135 3
17 136 12
17 137 15
17 138 10
17 139 13
17 140 9
17 141 2
17 142 11
17 143 13
17 144 4
17 145 1
17 146 15
17 147 8
17 148 4
17 149 5
17 150 9
17 151 3
17 152 15
17 153 3
17 154 3
17 155 13
17 156 4
17 157 8
17 158 14
17 159 1
17 160 14
17 161 2
17 162 9
17 163 4
17 164 1
17 165 10
17 166 6
17 167 9
17 168 2
17 169 8
17 170 8
17 171 4
17 172 8
17 173 1
17 174 8
17 175 7
17 176 3
17 177 7
17 178 7
17 179 8
17 180 12
17 181 14
17 182 1
17 183 15
17 184 1
17 185 3
17 186 1
17 187 3
17 188 5
17 189 12
17 190 8
17 191 12
17 192 15
17 193 6
17 194 4
17 195 1
17 196 12
17 197 14
17 198 10
17 199 6
18 100 11
18 101 10
18 102 15
18 103 8
18 104 1
18 105 13
18 106 1
18 107 12
18 108 9
18 109 1
18 110 9
18 111 14
18 112 5
18 113 4
18 114 1
18 115 7
18 116 9
18 117 3
18 118 3
18 119 12
18 120 14
18 121 11
18 122 7
18 123 14
18 124 7
18 125 1
18 126 5
18 127 7
18 128 3
18 129 8
18 130 9
18 131 9
18 132 10
18 133 6
18 134 14
18 135 9
18 136 14
18 137 6
18 138 3
18 139 15
18 140 11
18 141 12
18 142 15
18 143 10
18 144 7
18 145 4
18 146 5
18 147 7
18 148 11
18 149 10
18 150 2
18 151 13
18 152 8
18 153 3
18 154 14
18 155 5
18 156 15
18 157 10
18 158 7
18 159 6
18 160 2
18 161 13
18 162 1
18 163 14
18 164 13
18 165 10
18 166 13
18 167 7
18 168 4
18 169 11
18 170 14
18 171 6
18 172 1
18 173 13
18 174 12
18 175 1
18 176 10
18 177 3
18 178 15
18 179 2
18 180 15
18 181 8
18 182 8
18 183 9
18 184 15
18 185 3
18 186 15
18 187 10
18 188 8
18 189 8
18 190 2
18 191 15
18 192 6
18 193 8
18 194 1
18 195 2
18 196 6
18 197 2
18 198 6
18 199 5
19 100 13
19 101 9
19 102 6
19 103 12
19 104 4
19 105 3
19 106 7
19 107 8
19 108 8
19 109 10
19 110 14
19 111 4
19 112 10
19 113 15
19 114 11
19 115 13
19 116 13
19 117 13
19 118 11
19 119 11
19 120 15
19 121 14
19 122 9
19 123 12
19 124 15
19 125 8
19 126 13
19 127 15
19 128 12
19 129 13
19 130 4
19 131 3
19 132 4
19 133 13
19 134 9
19 135 1
19 136 12
19 137 5
19 138 4
19 139 5
19 140 4
19 141 8
19 142 11
19 143 11
19 144 11
19 145 10
19 146 8
19 147 12
19 148 11
19 149 12
19 150 8
19 151 15
19 152 9
19 153 6
19 154 6
19 155 10
19 156 11
19 157 7
19 158 1
19 159 11
19 160 14
19 161 9
19 162 11
19 163 12
19 164 7
19 165 3
19 166 1
19 167 8
19 168 13
19 169 4
19 170 13
19 171 5
19 172 11
19 173 12
19 174 12
19 175 4
19 176 5
19 177 8
19 178 1
19 179 2
19 180 5
19 181 12
19 182 1
19 183 5
19 184 1
19 185 11
19 186 4
19 187 13
19 188 9
19 189 5
19 190 9
19 191 11
19 192 1
19 193 5
19 194 6
19 195 11
19 196 6
19 197 8
19 198 13
19 199 7
20 100 13
20 101 11
20 102 11
20 103 5
20 104 8
20 105 6
20 106 1
20 107 10
20 108 5
20 109 11
20 110 2
20 111 11
20 112 15
20 113 12
20 114 7
20 115 5
20 116 15
20 117 4
20 118 6
20 119 5
20 120 11
20 121 15
20 122 3
20 123 3
20 124 15
20 125 10
20 126 14
20 127 14
20 128 9
20 129 15
20 130 5
20 131 5
20 132 2
20 133 14
20 134 1
20 135 7
20 136 6
20 137 2
20 138 1
20 139 12
20 140 3
20 141 14
20 142 12
20 143 2
20 144 7
20 145 9
20 146 6
20 147 15
20 148 14
20 149 9
20 150 15
20 151 3
20 152 2
20 153 2
20 154 14
20 155 15
20 156 14
20 157 12
20 158 3
20 159 7
20 160 7
20 161 7
20 162 9
20 163 9
20 164 10
20 165 7
20 166 7
20 167 14
20 168 4
20 169 11
20 170 14
20 171 8
20 172 2
20 173 2
20 174 9
20 175 13
20 176 14
20 177 3
20 178 3
20 179 15
20 180 12
20 181 14
20 182 2
20 183 11
20 184 12
20 185 8
20 186 10
20 187 2
20 188 2
20 189 1
20 190 5
20 191 4
20 192 10
20 193 12
20 194 15
20 195 5
20 196 1
20 197 13
20 198 14
20 199 7
21 100 3
21 101 7
21 102 9
21 103 13
21 104 14
21 105 3
21 106 1
21 107 15
21 108 7
21 109 11
21 110 1
21 111 12
21 112 12
21 113 10
21 114 9
21 115 9
21 116 6
21 117 7
21 118 13
21 119 6
21 120 12
21 121 1
21 122 11
21 123 3
21 124 7
21 125 6
21 126 15
21 127 5
21 128 15
21 129 4
21 130 10
21 131 11
21 132 5
21 133 6
21 134 12
21 135 3
21 136 5
21 137 15
21 138 12
21 139 15
21 140 6
21 141 3
21 142 14
21 143 12
21 144 13
21 145 15
21 146 14
21 147 6
21 148 13
21 149 13
21 150 15
21 151 12
21 152 13
21 153 15
21 154 9
21 155 12
21 156 6
21 157 1
21 158 12
21 159 7
21 160 2
21 161 9
21 162 15
21 163 12
21 164 2
21 165 14
21 166 8
21 167 4
21 168 8
21 169 14
21 170 9
21 171 11
21 172 15
21 173 5
21 174 10
21 175 15
21 176 9
21 177 7
21 178 7
21 179 13
21 180 6
21 181 5
21 182 3
21 183 6
21 184 14
21 185 1
21 186 8
21 187 2
21 188 7
21 189 12
21 190 14
21 191 13
21 192 3
21 193 5
21 194 10
21 195 2
21 196 11
21 197 8
21 198 15
21 199 15
22 100 9
22 101 5
22 102 4
22 103 9
22 104 2
22 105 12
22 106 4
22 107 3
22 108 11
22 109 4
22 110 10
22 111 4
22 112 3
22 113 12
22 114 3
22 115 11
22 116 3
22 117 4
22 118 11
22 119 5
22 120 10
22 121 11
22 122 5
22 123 6
22 124 7
22 125 4
22 126 5
22 127 3
22 128 7
22 129 3
22 130 14
22 131 1
22 132 2
22 133 13
22 134 6
22 135 2
22 136 7
22 137 2
22 138 2
22 139 4
22 140 9
22 141 11
22 142 9
22 143 3
22 144 8
22 145 8
22 146 12
22 147 13
22 148 2
22 149 1
22 150 12
22 151 12
22 152 15
22 153 15
22 154 14
22 155 4
22 156 11
22 157 12
22 158 12
22 159 9
22 160 3
22 161 6
22 162 13
22 163 12
22 164 4
22 165 5
22 166 12
22 167 11
22 168 9
22 169 5
22 170 5
22 171 9
22 172 11
22 173 6
22 174 10
22 175 12
22 176 15
22 177 11
22 178 12
22 179 11
22 180 11
22 181 13
22 182 4
22 183 10
22 184 9
22 185 1
22 186 8
22 187 12
22 188 5
22 189 6
22 190 15
22 191 11
22 192 5
22 193 4
22 194 2
22 195 1
22 196 4
22 197 5
22 198 6
22 199 6
23 100 13
23 101 7
23 102 12
23 103 12
23 104 13
23 105 8
23 106 15
23 107 2
23 108 14
23 109 10
23 110 11
23 111 14
23 112 2
23 113 3
23 114 2
23 115 4
23 116 7
23 117 9
23 118 8
23 119 5
23 120 7
23 121 15
23 122 6
23 123 4
23 124 1
23 125 12
23 126 2
23 127 13
23 128 13
23 129 3
23 130 2
23 131 8
23 132 10
23 133 7
23 134 7
23 135 8
23 136 5
23 137 10
23 138 7
23 139 11
23 140 4
23 141 14
23 142 5
23 143 1
23 144 5
23 145 9
23 146 9
23 147 11
23 148 12
23 149 8
23 150 7
23 151 7
23 152 4
23 153 10
23 154 9
23 155 2
23 156 11
23 157 6
23 158 2
23 159 12
23 160 2
23 161 6
23 162 5
23 163 1
23 164 9
23 165 2
23 166 7
23 167 5
23 168 12
23 169 6
23 170 1
23 171 9
23 172 12
23 173 13
23 174 9
23 175 7
23 176 2
23 177 6
23 178 12
23 179 2
23 180 12
23 181 12
23 182 7
23 183 5
23 184 11
23 185 12
23 186 1
23 187 6
23 188 1
23 189 13
23 190 1
23 191 7
23 192 7
23 193 8
23 194 10
23 195 5
23 196 5
23 197 11
23 198 1
23 199 1
24 100 12
24 101 8
24 102 4
24 103 14
24 104 9
24 105 6
24 106 11
24 107 7
24 108 11
24 109 1
24 110 5
24 111 7
24 112 15
24 113 12
24 114 1
24 115 12
24 116 12
24 117 15
24 118 5
24 119 15
24 120 7
24 121 4
24 122 2
24 123 11
24 124 11
24 125 4
24 126 7
24 127 4
24 128 4
24 129 15
24 130 6
24 131 8
24 132 7
24 133 2
24 134 1
24 135 8
24 136 14
24 137 8
24 138 6
24 139 14
24 140 4
24 141 10
24 142 1
24 143 9
24 144 15
24 145 4
24 146 12
24 147 14
24 148 5
24 149 13
24 150 4
24 151 10
24 152 13
24 153 5
24 154 6
24 155 2
24 156 7
24 157 15
24 158 9
24 159 6
24 160 10
24 161 13
24 162 11
24 163 3
24 164 14
24 165 2
24 166 9
24 167 14
24 168 15
24 169 8
24 170 14
24 171 9
24 172 13
24 173 8
24 174 5
24 175 2
24 176 12
24 177 7
24 178 7
24 179 9
24 180 4
24 181 7
24 182 11
24 183 12
24 184 1
24 185 9
24 186 3
24 187 5
24 188 13
24 189 13
24 190 13
24 191 11
24 192 15
24 193 4
24 194 2
24 195 6
24 196 9
24 197 15
24 198 11
24 199 1
25 100 11
25 101 15
25 102 13
25 103 15
25 104 5
25 105 1
25 106 3
25 107 9
25 108 11
25 109 12
25 110 1
25 111 12
25 112 2
25 113 2
25 114 9
25 115 9
25 116 6
25 117 7
25 118 1
25 119 3
25 120 14
25 121 8
25 122 9
25 123 6
25 124 7
25 125 8
25 126 9
25 127 4
25 128 4
25 129 6
25 130 1
25 131 6
25 132 1
25 133 7
25 134 5
25 135 10
25 136 11
25 137 9
25 138 10
25 139 1
25 140 14
25 141 1
25 142 3
25 143 14
25 144 13
25 145 11
25 146 1
25 147 11
25 148 2
25 149 4
25 150 5
25 151 3
25 152 11
25 153 14
25 154 5
25 155 1
25 156 8
25 157 3
25 158 4
25 159 7
25 160 3
25 161 4
25 162 8
25 163 12
25 164 10
25 165 14
25 166 11
25 167 9
25 168 12
25 169 7
25 170 8
25 171 13
25 172 13
25 173 7
25 174 11
25 175 11
25 176 7
25 177 2
25 178 15
25 179 14
25 180 5
25 181 12
25 182 9
25 183 15
25 184 12
25 185 6
25 186 7
25 187 10
25 188 13
25 189 11
25 190 15
25 191 1
25 192 2
25 193 15
25 194 9
25 195 7
25 196 2
25 197 12
25 198 1
25 199 8
26 100 1
26 101 13
26 102 8
26 103 7
26 104 1
26 105 1
26 106 11
26 107 5
26 108 8
26 109 1
26 110 15
26 111 11
26 112 5
26 113 13
26 114 6
26 115 7
26 116 1
26 117 12
26 118 7
26 119 1
26 120 15
26 121 15
26 122 14
26 123 1
26 124 12
26 125 11
26 126 6
26 127 1
26 128 13
26 129 11
26 130 2
26 131 7
26 132 2
26 133 13
26 134 6
26 135 11
26 136 7
26 137 2
26 138 8
26 139 11
26 140 14
26 141 8
26 142 6
26 143 14
26 144 6
26 145 2
26 146 5
26 147 15
26 148 6
26 149 11
26 150 3
26 151 4
26 152 4
26 153 11
26 154 2
26 155 15
26 156 6
26 157 13
26 158 4
26 159 15
26 160 7
26 161 8
26 162 7
26 163 15
26 164 6
26 165 5
26 166 2
26 167 9
26 168 9
26 169 7
26 170 9
26 171 4
26 172 3
26 173 10
26 174 12
26 175 2
26 176 2
26 177 3
26 178 4
26 179 14
26 180 13
26 181 3
26 182 4
26 183 12
26 184 9
26 185 2
26 186 8
26 187 3
26 188 11
26 189 9
26 190 14
26 191 9
26 192 4
26 193 2
26 194 8
26 195 10
26 196 11
26 197 7
26 198 3
26 199 7
27 100 7
27 101 8
27 102 8
27 103 13
27 104 3
27 105 1
27 106 2
27 107 15
27 108 2
27 109 3
27 110 15
27 111 12
27 112 5
27 113 7
27 114 8
27 115 10
27 116 8
27 117 1
27 118 9
27 119 14
27 120 5
27 121 15
27 122 5
27 123 9
27 124 10
27 125 13
27 126 3
27 127 9
27 128 9
27 129 3
27 130 6
27 131 13
27 132 6
27 133 14
27 134 11
27 135 2
27 136 6
27 137 11
27 138 14
27 139 7
27 140 1
27 141 10
27 142 5
27 143 11
27 144 13
27 145 14
27 146 6
27 147 12
27 148 7
27 149 4
27 150 13
27 151 14
27 152 6
27 153 2
27 154 5
27 155 14
27 156 3
27 157 13
27 158 6
27 159 13
27 160 15
27 161 3
27 162 7
27 163 6
27 164 1
27 165 13
27 166 7
27 167 12
27 168 10
27 169 12
27 170 5
27 171 6
27 172 3
27 173 15
27 174 14
27 175 11
27 176 7
27 177 12
27 178 3
27 179 3
27 180 14
27 181 15
27 182 8
27 183 10
27 184 9
27 185 1
27 186 12
27 187 14
27 188 2
27 189 13
27 190 11
27 191 10
27 192 1
27 193 15
27 194 1
27 195 13
27 196 5
27 197 9
27 198 8
27 199 8
28 100 9
28 101 13
28 102 14
28 103 6
28 104 10
28 105 3
28 106 1
28 107 5
28 108 11
28 109 3
28 110 5
28 111 6
28 112 12
28 113 7
28 114 3
28 115 11
28 116 12
28 117 11
28 118 4
28 119 5
28 120 9
28 121 15
28 122 14
28 123 11
28 124 8
28 125 1
28 126 1
28 127 10
28 128 15
28 129 12
28 130 9
28 131 5
28 132 12
28 133 5
28 134 9
28 135 12
28 136 4
28 137 9
28 138 10
28 139 14
28 140 3
28 141 9
28 142 14
28 143 15
28 144 10
28 145 7
28 146 15
28 147 10
28 148 9
28 149 6
28 150 10
28 151 2
28 152 12
28 153 11
28 154 7
28 155 14
28 156 11
28 157 1
28 158 15
28 159 14
28 160 7
28 161 9
28 162 3
28 163 9
28 164 6
28 165 1
28 166 3
28 167 10
28 168 10
28 169 2
28 170 13
28 171 12
28 172 2
28 173 3
28 174 1
28 175 11
28 176 13
28 177 10
28 178 1
28 179 11
28 180 13
28 181 2
28 182 4
28 183 11
28 184 11
28 185 12
28 186 3
28 187 14
28 188 12
28 189 10
28 190 5
28 191 1
28 192 4
28 193 14
28 194 5
28 195 6
28 196 14
28 197 14
28 198 6
28 199 13
29 100 11
29 101 7
29 102 13
29 103 5
29 104 1
29 105 11
29 106 7
29 107 13
29 108 8
29 109 12
29 110 4
29 111 5
29 112 1
29 113 2
29 114 2
29 115 10
29 116 10
29 117 5
29 118 9
29 119 2
29 120 13
29 121 2
29 122 1
29 123 14
29 124 12
29 125 9
29 126 10
29 127 12
29 128 4
29 129 15
29 130 9
29 131 9
29 132 15
29 133 14
29 134 3
29 135 7
29 136 9
29 137 2
29 138 7
29 139 8
29 140 8
29 141 11
29 142 14
29 143 3
29 144 8
29 145 5
29 146 14
29 147 1
29 148 14
29 149 9
29 150 10
29 151 10
29 152 11
29 153 5
29 154 8
29 155 11
29 156 10
29 157 5
29 158 2
29 159 1
29 160 12
29 161 4
29 162 5
29 163 4
29 164 13
29 165 1
29 166 15
29 167 12
29 168 4
29 169 9
29 170 4
29 171 14
29 172 6
29 173 3
29 174 12
29 175 3
29 176 6
29 177 13
29 178 10
29 179 5
29 180 5
29 181 15
29 182 6
29 183 12
29 184 2
29 185 11
29 186 3
29 187 11
29 188 9
29 189 14
29 190 15
29 191 6
29 192 5
29 193 14
29 194 1
29 195 4
29 196 2
29 197 14
29 198 1
29 199 7
30 100 12
30 101 7
30 102 10
30 103 9
30 104 4
30 105 12
30 106 14
30 107 2
30 108 15
30 109 7
30 110 11
30 111 13
30 112 2
30 113 13
30 114 5
30 115 7
30 116 7
30 117 7
30 118 5
30 119 14
30 120 7
30 121 4
30 122 1
30 123 5
30 124 2
30 125 3
30 126 11
30 127 14
30 128 1
30 129 15
30 130 9
30 131 14
30 132 7
30 133 15
30 134 8
30 135 7
30 136 12
30 137 2
30 138 4
30 139 11
30 140 1
30 141 15
30 142 1
30 143 6
30 144 2
30 145 5
30 146 1
30 147 12
30 148 4
30 149 10
30 150 6
30 151 15
30 152 14
30 153 12
30 154 5
30 155 9
30 156 9
30 157 4
30 158 12
30 159 14
30 160 1
30 161 8
30 162 12
30 163 8
30 164 2
30 165 5
30 166 5
30 167 9
30 168 7
30 169 10
30 170 14
30 171 13
30 172 9
30 173 12
30 174 3
30 175 4
30 176 13
30 177 2
30 178 5
30 179 11
30 180 13
30 181 8
30 182 14
30 183 6
30 184 4
30 185 5
30 186 10
30 187 11
30 188 9
30 189 6
30 190 4
30 191 14
30 192 5
30 193 6
30 194 4
30 195 6
30 196 3
30 197 15
30 198 15
30 199 2
31 100 1
31 101 5
31 102 5
31 103 3
31 104 14
31 105 6
31 106 8
31 107 5
31 108 6
31 109 7
31 110 11
31 111 9
31 112 13
31 113 12
31 114 13
31 115 11
31 116 4
31 117 11
31 118 12
31 119 5
31 120 11
31 121 6
31 122 5
31 123 6
31 124 13
31 125 4
31 126 7
31 127 2
31 128 2
31 129 7
31 130 4
31 131 11
31 132 6
31 133 4
31 134 11
31 135 9
31 136 10
31 137 9
31 138 2
31 139 13
31 140 9
31 141 11
31 142 11
31 143 4
31 144 4
31 145 12
31 146 9
31 147 10
31 148 15
31 149 2
31 150 5
31 151 8
31 152 5
31 153 1
31 154 4
31 155 5
31 156 5
31 157 12
31 158 7
31 159 14
31 160 6
31 161 3
31 162 13
31 163 12
31 164 1
31 165 9
31 166 15
31 167 10
31 168 12
31 169 10
31 170 3
31 171 9
31 172 11
31 173 2
31 174 3
31 175 12
31 176 8
31 177 7
31 178 11
31 179 13
31 180 12
31 181 10
31 182 8
31 183 3
31 184 12
31 185 13
31 186 4
31 187 7
31 188 5
31 189 15
31 190 11
31 191 6
31 192 7
31 193 1
31 194 11
31 195 4
31 196 12
31 197 6
31 198 1
31 199 14
32 100 7
32 101 10
32 102 2
32 103 3
32 104 4
32 105 14
32 106 9
32 107 12
32 108 10
32 109 8
32 110 11
32 111 2
32 112 15
32 113 1
32 114 1
32 115 6
32 116 9
32 117 10
32 118 9
32 119 5
32 120 1
32 121 1
32 122 6
32 123 8
32 124 8
32 125 4
32 126 1
32 127 10
32 128 4
32 129 4
32 130 13
32 131 3
32 132 14
32 133 9
32 134 8
32 135 12
32 136 7
32 137 13
32 138 2
32 139 8
32 140 3
32 141 12
32 142 10
32 143 3
32 144 15
32 145 2
32 146 8
32 147 2
32 148 6
32 149 3
32 150 6
32 151 8
32 152 6
32 153 4
32 154 9
32 155 7
32 156 6
32 157 7
32 158 14
32 159 15
32 160 3
32 161 9
32 162 2
32 163 7
32 164 10
32 165 1
32 166 2
32 167 6
32 168 10
32 169 6
32 170 2
32 171 6
32 172 4
32 173 6
32 174 1
32 175 15
32 176 3
32 177 11
32 178 7
32 179 14
32 180 8
32 181 14
32 182 5
32 183 5
32 184 5
32 185 6
32 186 14
32 187 1
32 188 8
32 189 13
32 190 8
32 191 13
32 192 11
32 193 14
32 194 3
32 195 4
32 196 7
32 197 6
32 198 4
32 199 4
33 100 3
33 101 10
33 102 8
33 103 6
33 104 1
33 105 5
33 106 11
33 107 6
33 108 5
33 109 12
33 110 13
33 111 10
33 112 12
33 113 7
33 114 13
33 115 15
33 116 7
33 117 8
33 118 2
33 119 10
33 120 12
33 121 12
33 122 7
33 123 1
33 124 6
33 125 2
33 126 4
33 127 8
33 128 1
33 129 3
33 130 5
33 131 7
33 132 9
33 133 4
33 134 5
33 135 1
33 136 15
33 137 14
33 138 7
33 139 5
33 140 14
33 141 4
33 142 9
33 143 14
33 144 5
33 145 7
33 146 8
33 147 10
33 148 10
33 149 9
33 150 7
33 151 4
33 152 7
33 153 15
33 154 14
33 155 13
33 156 9
33 157 12
33 158 9
33 159 2
33 160 14
33 161 6
33 162 12
33 163 8
33 164 9
33 165 15
33 166 1
33 167 15
33 168 14
33 169 13
33 170 11
33 171 6
33 172 12
33 173 2
33 174 5
33 175 7
33 176 10
33 177 2
33 178 4
33 179 5
33 180 8
33 181 11
33 182 1
33 183 13
33 184 11
33 185 11
33 186 7
33 187 6
33 188 11
33 189 14
33 190 8
33 191 7
33 192 5
33 193 4
33 194 1
33 195 15
33 196 5
33 197 12
33 198 5
33 199 3
34 100 8
34 101 14
34 102 2
34 103 14
34 104 1
34 105 13
34 106 11
34 107 4
34 108 15
34 109 2
34 110 14
34 111 3
34 112 1
34 113 3
34 114 10
34 115 11
34 116 5
34 117 2
34 118 1
34 119 9
34 120 3
34 121 15
34 122 1
34 123 9
34 124 5
34 125 11
34 126 3
34 127 1
34 128 13
34 129 1
34 130 3
34 131 12
34 132 9
34 133 14
34 134 1
34 135 5
34 136 15
34 137 3
34 138 9
34 139 3
34 140 1
34 141 9
34 142 7
34 143 8
34 144 8
34 145 14
34 146 11
34 147 13
34 148 2
34 149 5
34 150 3
34 151 10
34 152 11
34 153 12
34 154 15
34 155 8
34 156 7
34 157 4
34 158 2
34 159 1
34 160 5
34 161 14
34 162 15
34 163 6
34 164 7
34 165 14
34 166 8
34 167 13
34 168 12
34 169 3
34 170 5
34 171 5
34 172 1
34 173 10
34 174 6
34 175 15
34 176 1
34 177 10
34 178 2
34 179 4
34 180 11
34 181 15
34 182 5
34 183 13
34 184 14
34 185 2
34 186 10
34 187 3
34 188 7
34 189 7
34 190 15
34 191 2
34 192 2
34 193 10
34 194 7
34 195 15
34 196 8
34 197 4
34 198 10
34 199 4
35 100 11
35 101 11
35 102 8
35 103 7
35 104 5
35 105 13
35 106 7
35 107 3
35 108 11
35 109 8
35 110 8
35 111 1
35 112 14
35 113 1
35 114 2
35 115 10
35 116 11
35 117 12
35 118 13
35 119 7
35 120 7
35 121 15
35 122 8
35 123 3
35 124 3
35 125 10
35 126 12
35 127 1
35 128 3
35 129 15
35 130 1
35 131 14
35 132 13
35 133 10
35 134 6
35 135 11
35 136 14
35 137 1
35 138 11
35 139 2
35 140 2
35 141 7
35 142 5
35 143 6
35 144 8
35 145 4
35 146 13
35 147 5
35 148 6
35 149 14
35 150 9
35 151 9
35 152 15
35 153 10
35 154 12
35 155 3
35 156 2
35 157 15
35 158 7
35 159 2
35 160 7
35 161 14
35 162 15
35 163 11
35 164 7
35 165 6
35 166 3
35 167 10
35 168 6
35 169 15
35 170 3
35 171 10
35 172 9
35 173 10
35 174 10
35 175 12
35 176 12
35 177 4
35 178 5
35 179 4
35 180 11
35 181 15
35 182 1
35 183 1
35 184 11
35 185 5
35 186 1
35 187 12
35 188 8
35 189 2
35 190 3
35 191 10
35 192 1
35 193 8
35 194 14
35 195 15
35 196 10
35 197 8
35 198 2
35 199 4
36 100 1
36 101 14
36 102 3
36 103 13
36 104 2
36 105 3
36 106 15
36 107 2
36 108 12
36 109 3
36 110 8
36 111 12
36 112 10
36 113 8
36 114 7
36 115 7
36 116 1
36 117 9
36 118 3
36 119 12
36 120 1
36 121 7
36 122 14
36 123 13
36 124 14
36 125 10
36 126 8
36 127 1
36 128 4
36 129 5
36 130 4
36 131 4
36 132 6
36 133 3
36 134 8
36 135 2
36 136 7
36 137 14
36 138 12
36 139 5
36 140 15
36 141 7
36 142 4
36 143 13
36 144 6
36 145 1
36 146 8
36 147 1
36 148 1
36 149 4
36 150 12
36 151 3
36 152 15
36 153 5
36 154 10
36 155 8
36 156 5
36 157 9
36 158 14
36 159 5
36 160 1
36 161 1
36 162 12
36 163 10
36 164 3
36 165 6
36 166 11
36 167 8
36 168 1
36 169 15
36 170 6
36 171 12
36 172 10
36 173 7
36 174 12
36 175 9
36 176 8
36 177 2
36 178 9
36 179 8
36 180 5
36 181 2
36 182 13
36 183 14
36 184 4
36 185 10
36 186 3
36 187 7
36 188 4
36 189 8
36 190 7
36 191 8
36 192 6
36 193 14
36 194 1
36 195 8
36 196 7
36 197 7
36 198 6
36 199 10
37 100 7
37 101 3
37 102 15
37 103 14
37 104 6
37 105 2
37 106 1
37 107 11
37 108 10
37 109 4
37 110 9
37 111 12
37 112 13
37 113 3
37 114 11
37 115 15
37 116 13
37 117 3
37 118 3
37 119 4
37 120 4
37 121 5
37 122 3
37 123 15
37 124 12
37 125 7
37 126 12
37 127 11
37 128 1
37 129 13
37 130 10
37 131 9
37 132 2
37 133 7
37 134 13
37 135 8
37 136 10
37 137 11
37 138 11
37 139 6
37 140 5
37 141 13
37 142 5
37 143 5
37 144 7
37 145 7
37 146 4
37 147 15
37 148 4
37 149 4
37 150 8
37 151 9
37 152 10
37 153 1
37 154 3
37 155 11
37 156 9
37 157 4
37 158 7
37 159 7
37 160 4
37 161 14
37 162 1
37 163 1
37 164 4
37 165 15
37 166 6
37 167 2
37 168 4
37 169 5
37 170 13
37 171 4
37 172 15
37 173 3
37 174 12
37 175 2
37 176 6
37 177 14
37 178 5
37 179 3
37 180 5
37 181 6
37 182 5
37 183 10
37 184 13
37 185 12
37 186 15
37 187 5
37 188 5
37 189 13
37 190 10
37 191 13
37 192 12
37 193 13
37 194 3
37 195 14
37 196 8
37 197 1
37 198 1
37 199 9
38 100 1
38 101 8
38 102 9
38 103 13
38 104 11
38 105 11
38 106 6
38 107 10
38 108 14
38 109 12
38 110 5
38 111 7
38 112 5
38 113 10
38 114 14
38 115 8
38 116 5
38 117 2
38 118 15
38 119 10
38 120 1
38 121 7
38 122 7
38 123 13
38 124 4
38 125 5
38 126 4
38 127 15
38 128 8
38 129 11
38 130 14
38 131 8
38 132 3
38 133 10
38 134 12
38 135 14
38 136 9
38 137 11
38 138 5
38 139 1
38 140 3
38 141 15
38 142 5
38 143 1
38 144 10
38 145 14
38 146 2
38 147 2
38 148 13
38 149 13
38 150 2
38 151 2
38 152 15
38 153 4
38 154 7
38 155 12
38 156 12
38 157 2
38 158 1
38 159 12
38 160 10
38 161 2
38 162 12
38 163 5
38 164 15
38 165 2
38 166 13
38 167 15
38 168 9
38 169 2
38 170 13
38 171 14
38 172 15
38 173 15
38 174 6
38 175 11
38 176 15
38 177 1
38 178 13
38 179 7
38 180 3
38 181 11
38 182 7
38 183 5
38 184 10
38 185 15
38 186 11
38 187 10
38 188 15
38 189 6
38 190 13
38 191 1
38 192 8
38 193 11
38 194 4
38 195 4
38 196 3
38 197 10
38 198 8
38 199 6
39 100 9
39 101 11
39 102 13
39 103 15
39 104 6
39 105 13
39 106 11
39 107 7
39 108 5
39 109 7
39 110 3
39 111 4
39 112 5
39 113 13
39 114 14
39 115 4
39 116 15
39 117 4
39 118 2
39 119 10
39 120 2
39 121 8
39 122 8
39 123 3
39 124 12
39 125 5
39 126 2
39 127 13
39 128 8
39 129 10
39 130 10
39 131 11
39 132 11
39 133 8
39 134 2
39 135 9
39 136 8
39 137 14
39 138 5
39 139 15
39 140 4
39 141 2
39 142 4
39 143 4
39 144 11
39 145 4
39 146 12
39 147 1
39 148 8
39 149 9
39 150 7
39 151 13
39 152 14
39 153 7
39 154 4
39 155 4
39 156 6
39 157 2
39 158 11
39 159 14
39 160 1
39 161 2
39 162 15
39 163 6
39 164 10
39 165 1
39 166 5
39 167 14
39 168 15
39 169 8
39 170 6
39 171 5
39 172 11
39 173 6
39 174 5
39 175 1
39 176 9
39 177 12
39 178 12
39 179 1
39 180 5
39 181 14
39 182 4
39 183 12
39 184 11
39 185 7
39 186 9
39 187 14
39 188 6
39 189 5
39 190 5
39 191 11
39 192 10
39 193 11
39 194 15
39 195 3
39 196 5
39 197 10
39 198 6
39 199 4
40 100 12
40 101 14
40 102 3
40 103 14
40 104 14
40 105 5
40 106 9
40 107 8
40 108 6
40 109 13
40 110 6
40 111 3
40 112 14
40 113 1
40 114 1
40 115 12
40 116 10
40 117 10
40 118 15
40 119 10
40 120 3
40 121 5
40 122 7
40 123 10
40 124 13
40 125 10
40 126 2
40 127 10
40 128 15
40 129 2
40 130 11
40 131 13
40 132 12
40 133 2
40 134 1
40 135 2
40 136 4
40 137 7
40 138 7
40 139 11
40 140 11
40 141 10
40 142 14
40 143 12
40 144 14
40 145 6
40 146 12
40 147 13
40 148 11
40 149 12
40 150 14
40 151 1
40 152 7
40 153 4
40 154 9
40 155 8
40 156 10
40 157 12
40 158 9
40 159 8
40 160 10
40 161 10
40 162 7
40 163 7
40 164 5
40 165 13
40 166 9
40 167 5
40 168 8
40 169 2
40 170 1
40 171 13
40 172 8
40 173 1
40 174 4
40 175 4
40 176 9
40 177 15
40 178 1
40 179 6
40 180 8
40 181 9
40 182 12
40 183 1
40 184 2
40 185 15
40 186 8
40 187 8
40 188 8
40 189 14
40 190 7
40 191 13
40 192 6
40 193 8
40 194 4
40 195 2
40 196 7
40 197 3
40 198 5
40 199 10
41 100 15
41 101 1
41 102 12
41 103 8
41 104 13
41 105 11
41 106 12
41 107 12
41 108 7
41 109 4
41 110 13
41 111 1
41 112 5
41 113 13
41 114 8
41 115 3
41 116 4
41 117 7
41 118 8
41 119 12
41 120 12
41 121 2
41 122 4
41 123 14
41 124 9
41 125 13
41 126 5
41 127 3
41 128 4
41 129 14
41 130 14
41 131 1
41 132 2
41 133 4
41 134 6
41 135 1
41 136 11
41 137 3
41 138 2
41 139 5
41 140 10
41 141 9
41 142 15
41 143 11
41 144 14
41 145 11
41 146 8
41 147 4
41 148 3
41 149 5
41 150 8
41 151 14
41 152 4
41 153 6
41 154 10
41 155 15
41 156 1
41 157 8
41 158 7
41 159 12
41 160 11
41 161 10
41 162 4
41 163 5
41 164 4
41 165 8
41 166 9
41 167 7
41 168 5
41 169 9
41 170 1
41 171 12
41 172 1
41 173 6
41 174 1
41 175 6
41 176 13
41 177 12
41 178 3
41 179 14
41 180 14
41 181 9
41 182 11
41 183 4
41 184 2
41 185 4
41 186 11
41 187 7
41 188 4
41 189 3
41 190 10
41 191 5
41 192 12
41 193 3
41 194 15
41 195 4
41 196 13
41 197 2
41 198 4
41 199 1
42 100 3
42 101 9
42 102 4
42 103 6
42 104 12
42 105 13
42 106 6
42 107 7
42 108 12
42 109 2
42 110 12
42 111 9
42 112 11
42 113 14
42 114 10
42 115 1
42 116 12
42 117 5
42 118 5
42 119 6
42 120 8
42 121 8
42 122 15
42 123 3
42 124 4
42 125 6
42 126 15
42 127 14
42 128 4
42 129 9
42 130 8
42 131 8
42 132 3
42 133 11
42 134 7
42 135 5
42 136 14
42 137 4
42 138 12
42 139 8
42 140 4
42 141 4
42 142 8
42 143 6
42 144 12
42 145 5
42 146 9
42 147 13
42 148 14
42 149 5
42 150 1
42 151 13
42 152 2
42 153 11
42 154 4
42 155 10
42 156 8
42 157 1
42 158 15
42 159 9
42 160 15
42 161 1
42 162 6
42 163 4
42 164 13
42 165 3
42 166 2
42 167 11
42 168 4
42 169 10
42 170 15
42 171 4
42 172 15
42 173 13
42 174 5
42 175 1
42 176 10
42 177 5
42 178 7
42 179 15
42 180 6
42 181 15
42 182 12
42 183 8
42 184 14
42 185 7
42 186 2
42 187 3
42 188 8
42 189 2
42 190 11
42 191 8
42 192 4
42 193 7
42 194 10
42 195 6
42 196 4
42 197 7
42 198 6
42 199 7
43 100 6
43 101 13
43 102 1
43 103 7
43 104 12
43 105 9
43 106 5
43 107 1
43 108 10
43 109 11
43 110 8
43 111 5
43 112 6
43 113 4
43 114 13
43 115 11
43 116 14
43 117 13
43 118 2
43 119 1
43 120 1
43 121 4
43 122 14
43 123 15
43 124 1
43 125 13
43 126 9
43 127 11
43 128 9
43 129 9
43 130 8
43 131 13
43 132 14
43 133 2
43 134 15
43 135 13
43 136 5
43 137 3
43 138 15
43 139 14
43 140 2
43 141 4
43 142 8
43 143 4
43 144 10
43 145 12
43 146 3
43 147 6
43 148 12
43 149 3
43 150 7
43 151 1
43 152 12
43 153 14
43 154 9
43 155 8
43 156 1
43 157 7
43 158 11
43 159 5
43 160 9
43 161 3
43 162 10
43 163 8
43 164 14
43 165 6
43 166 14
43 167 12
43 168 9
43 169 4
43 170 11
43 171 1
43 172 11
43 173 11
43 174 8
43 175 3
43 176 13
43 177 4
43 178 8
43 179 13
43 180 15
43 181 3
43 182 3
43 183 1
43 184 6
43 185 14
43 186 12
43 187 9
43 188 10
43 189 12
43 190 9
43 191 14
43 192 14
43 193 9
43 194 6
43 195 2
43 196 6
43 197 8
43 198 1
43 199 10
44 100 12
44 101 6
44 102 5
44 103 2
44 104 10
44 105 11
44 106 9
44 107 3
44 108 5
44 109 3
44 110 15
44 111 3
44 112 8
44 113 6
44 114 12
44 115 5
44 116 14
44 117 5
44 118 11
44 119 15
44 120 12
44 121 3
44 122 11
44 123 10
44 124 6
44 125 13
44 126 14
44 127 7
44 128 9
44 129 2
44 130 5
44 131 14
44 132 15
44 133 1
44 134 5
44 135 8
44 136 1
44 137 10
44 138 15
44 139 5
44 140 8
44 141 12
44 142 6
44 143 10
44 144 8
44 145 4
44 146 4
44 147 1
44 148 1
44 149 5
44 150 7
44 151 12
44 152 12
44 153 2
44 154 5
44 155 10
44 156 11
44 157 8
44 158 5
44 159 3
44 160 7
44 161 6
44 162 2
44 163 7
44 164 2
44 165 10
44 166 2
44 167 1
44 168 12
44 169 8
44 170 3
44 171 10
44 172 2
44 173 7
44 174 13
44 175 5
44 176 8
44 177 10
44 178 12
44 179 13
44 180 15
44 181 11
44 182 6
44 183 4
44 184 10
44 185 5
44 186 5
44 187 15
44 188 5
44 189 12
44 190 8
44 191 5
44 192 7
44 193 1
44 194 5
44 195 10
44 196 3
44 197 5
44 198 15
44 199 15
45 100 12
45 101 9
45 102 15
45 103 7
45 104 13
45 105 13
45 106 14
45 107 13
45 108 8
45 109 6
45 110 10
45 111 7
45 112 2
45 113 7
45 114 1
45 115 13
45 116 5
45 117 11
45 118 11
45 119 13
45 120 6
45 121 9
45 122 11
45 123 14
45 124 12
45 125 9
45 126 4
45 127 7
45 128 15
45 129 3
45 130 4
45 131 1
45 132 6
45 133 4
45 134 4
45 135 11
45 136 4
45 137 8
45 138 8
45 139 12
45 140 5
45 141 1
45 142 8
45 143 8
45 144 15
45 145 5
45 146 4
45 147 13
45 148 6
45 149 6
45 150 10
45 151 10
45 152 3
45 153 4
45 154 1
45 155 11
45 156 2
45 157 10
45 158 8
45 159 2
45 160 7
45 161 3
45 162 11
45 163 8
45 164 13
45 165 2
45 166 5
45 167 15
45 168 11
45 169 7
45 170 7
45 171 12
45 172 6
45 173 6
45 174 10
45 175 14
45 176 10
45 177 10
45 178 12
45 179 4
45 180 14
45 181 10
45 182 12
45 183 12
45 184 11
45 185 4
45 186 3
45 187 8
45 188 12
45 189 3
45 190 12
45 191 11
45 192 10
45 193 13
45 194 15
45 195 7
45 196 11
45 197 14
45 198 12
45 199 12
46 100 4
46 101 8
46 102 14
46 103 4
46 104 2
46 105 3
46 106 11
46 107 8
46 108 2
46 109 1
46 110 11
46 111 10
46 112 6
46 113 13
46 114 8
46 115 5
46 116 14
46 117 9
46 118 7
46 119 8
46 120 2
46 121 9
46 122 1
46 123 10
46 124 8
46 125 4
46 126 14
46 127 2
46 128 2
46 129 4
46 130 1
46 131 6
46 132 13
46 133 11
46 134 14
46 135 11
46 136 15
46 137 3
46 138 7
46 139 1
46 140 9
46 141 9
46 142 11
46 143 5
46 144 4
46 145 5
46 146 4
46 147 9
46 148 5
46 149 8
46 150 8
46 151 14
46 152 6
46 153 11
46 154 4
46 155 10
46 156 10
46 157 1
46 158 1
46 159 13
46 160 5
46 161 9
46 162 1
46 163 11
46 164 15
46 165 2
46 166 7
46 167 3
46 168 12
46 169 3
46 170 12
46 171 3
46 172 8
46 173 11
46 174 15
46 175 15
46 176 3
46 177 4
46 178 8
46 179 7
46 180 11
46 181 4
46 182 11
46 183 3
46 184 13
46 185 6
46 186 3
46 187 8
46 188 5
46 189 8
46 190 7
46 191 8
46 192 2
46 193 2
46 194 3
46 195 13
46 196 11
46 197 1
46 198 8
46 199 5
47 100 9
47 101 12
47 102 11
47 103 13
47 104 3
47 105 7
47 106 14
47 107 10
47 108 10
47 109 3
47 110 4
47 111 6
47 112 7
47 113 14
47 114 12
47 115 6
47 116 12
47 117 12
47 118 3
47 119 14
47 120 7
47 121 6
47 122 9
47 123 6
47 124 10
47 125 11
47 126 11
47 127 15
47 128 7
47 129 2
47 130 4
47 131 3
47 132 4
47 133 8
47 134 4
47 135 10
47 136 6
47 137 13
47 138 1
47 139 3
47 140 10
47 141 3
47 142 7
47 143 10
47 144 15
47 145 13
47 146 5
47 147 4
47 148 9
47 149 12
47 150 9
47 151 13
47 152 15
47 153 12
47 154 2
47 155 6
47 156 8
47 157 13
47 158 3
47 159 8
47 160 8
47 161 6
47 162 14
47 163 2
47 164 11
47 165 8
47 166 4
47 167 14
47 168 9
47 169 1
47 170 9
47 171 1
47 172 14
47 173 3
47 174 5
47 175 13
47 176 8
47 177 12
47 178 1
47 179 10
47 180 2
47 181 11
47 182 12
47 183 10
47 184 13
47 185 2
47 186 13
47 187 5
47 188 3
47 189 10
47 190 8
47 191 5
47 192 4
47 193 8
47 194 15
47 195 8
47 196 15
47 197 2
47 198 9
47 199 14
48 100 2
48 101 12
48 102 15
48 103 1
48 104 6
48 105 8
48 106 1
48 107 1
48 108 2
48 109 15
48 110 3
48 111 12
48 112 10
48 113 4
48 114 7
48 115 5
48 116 4
48 117 11
48 118 8
48 119 9
48 120 13
48 121 7
48 122 11
48 123 13
48 124 15
48 125 10
48 126 10
48 127 15
48 128 10
48 129 8
48 130 12
48 131 6
48 132 10
48 133 2
48 134 14
48 135 4
48 136 2
48 137 5
48 138 2
48 139 3
48 140 8
48 141 3
48 142 7
48 143 9
48 144 1
48 145 10
48 146 5
48 147 2
48 148 1
48 149 12
48 150 9
48 151 14
48 152 5
48 153 11
48 154 9
48 155 3
48 156 13
48 157 14
48 158 15
48 159 9
48 160 13
48 161 1
48 162 6
48 163 12
48 164 15
48 165 11
48 166 15
48 167 1
48 168 13
48 169 5
48 170 9
48 171 15
48 172 3
48 173 11
48 174 9
48 175 3
48 176 6
48 177 8
48 178 15
48 179 10
48 180 14
48 181 12
48 182 11
48 183 6
48 184 14
48 185 15
48 186 15
48 187 5
48 188 1
48 189 15
48 190 5
48 191 2
48 192 11
48 193 6
48 194 13
48 195 1
48 196 2
48 197 9
48 198 7
48 199 7
49 100 5
49 101 11
49 102 13
49 103 14
49 104 6
49 105 1
49 106 8
49 107 4
49 108 12
49 109 1
49 110 10
49 111 2
49 112 1
49 113 11
49 114 5
49 115 12
49 116 6
49 117 3
49 118 6
49 119 9
49 120 1
49 121 7
49 122 15
49 123 5
49 124 11
49 125 10
49 126 1
49 127 5
49 128 2
49 129 6
49 130 6
49 131 11
49 132 14
49 133 6
49 134 15
49 135 6
49 136 1
49 137 12
49 138 9
49 139 13
49 140 12
49 141 2
49 142 4
49 143 12
49 144 10
49 145 1
49 146 11
49 147 14
49 148 3
49 149 10
49 150 9
49 151 8
49 152 12
49 153 8
49 154 13
49 155 3
49 156 13
49 157 11
49 158 2
49 159 10
49 160 12
49 161 13
49 162 11
49 163 9
49 164 8
49 165 12
49 166 5
49 167 13
49 168 3
49 169 9
49 170 7
49 171 9
49 172 6
49 173 12
49 174 2
49 175 2
49 176 11
49 177 11
49 178 11
49 179 4
49 180 2
49 181 2
49 182 8
49 183 1
49 184 15
49 185 2
49 186 11
49 187 2
49 188 1
49 189 13
49 190 4
49 191 10
49 192 4
49 193 14
49 194 11
49 195 6
49 196 7
49 197 13
49 198 11
49 199 8
50 100 2
50 101 6
50 102 8
50 103 8
50 104 10
50 105 14
50 106 15
50 107 6
50 108 12
50 109 5
50 110 7
50 111 9
50 112 11
50 113 3
50 114 8
50 115 1
50 116 8
50 117 8
50 118 3
50 119 15
50 120 1
50 121 13
50 122 14
50 123 1
50 124 9
50 125 12
50 126 7
50 127 13
50 128 10
50 129 13
50 130 15
50 131 12
50 132 15
50 133 10
50 134 1
50 135 1
50 136 15
50 137 7
50 138 3
50 139 8
50 140 8
50 141 3
50 142 5
50 143 13
50 144 7
50 145 2
50 146 12
50 147 1
50 148 5
50 149 4
50 150 4
50 151 13
50 152 3
50 153 7
50 154 12
50 155 4
50 156 4
50 157 9
50 158 7
50 159 14
50 160 5
50 161 1
50 162 8
50 163 14
50 164 1
50 165 10
50 166 8
50 167 2
50 168 3
50 169 5
50 170 2
50 171 5
50 172 13
50 173 1
50 174 7
50 175 1
50 176 10
50 177 15
50 178 10
50 179 9
50 180 5
50 181 2
50 182 9
50 183 5
50 184 12
50 185 11
50 186 9
50 187 6
50 188 1
50 189 12
50 190 10
50 191 4
50 192 14
50 193 9
50 194 12
50 195 12
50 196 2
50 197 1
50 198 14
50 199 11
51 100 1
51 101 4
51 102 4
51 103 10
51 104 9
51 105 4
51 106 7
51 107 14
51 108 1
51 109 7
51 110 9
51 111 13
51 112 3
51 113 2
51 114 2
51 115 11
51 116 8
51 117 7
51 118 10
51 119 1
51 120 12
51 121 1
51 122 14
51 123 1
51 124 10
51 125 3
51 126 1
51 127 15
51 128 12
51 129 1
51 130 13
51 131 8
51 132 15
51 133 15
51 134 12
51 135 12
51 136 13
51 137 10
51 138 15
51 139 2
51 140 1
51 141 10
51 142 5
51 143 3
51 144 15
51 145 13
51 146 7
51 147 4
51 148 5
51 149 10
51 150 10
51 151 14
51 152 5
51 153 8
51 154 15
51 155 10
51 156 15
51 157 9
51 158 5
51 159 10
51 160 4
51 161 8
51 162 6
51 163 2
51 164 3
51 165 8
51 166 8
51 167 7
51 168 13
51 169 13
51 170 9
51 171 1
51 172 6
51 173 4
51 174 10
51 175 8
51 176 5
51 177 3
51 178 3
51 179 10
51 180 5
51 181 12
51 182 13
51 183 9
51 184 14
51 185 10
51 186 4
51 187 4
51 188 12
51 189 3
51 190 11
51 191 3
51 192 10
51 193 8
51 194 1
51 195 2
51 196 15
51 197 10
51 198 8
51 199 15
52 100 15
52 101 4
52 102 1
52 103 8
52 104 3
52 105 4
52 106 10
52 107 1
52 108 12
52 109 2
52 110 5
52 111 2
52 112 7
52 113 14
52 114 5
52 115 10
52 116 10
52 117 4
52 118 9
52 119 8
52 120 10
52 121 12
52 122 1
52 123 15
52 124 11
52 125 2
52 126 6
52 127 10
52 128 8
52 129 6
52 130 11
52 131 6
52 132 3
52 133 8
52 134 2
52 135 15
52 136 10
52 137 15
52 138 11
52 139 15
52 140 8
52 141 6
52 142 10
52 143 7
52 144 3
52 145 10
52 146 5
52 147 3
52 148 12
52 149 1
52 150 1
52 151 1
52 152 2
52 153 6
52 154 2
52 155 3
52 156 4
52 157 15
52 158 7
52 159 6
52 160 14
52 161 4
52 162 7
52 163 14
52 164 4
52 165 4
52 166 13
52 167 7
52 168 3
52 169 2
52 170 8
52 171 11
52 172 7
52 173 9
52 174 14
52 175 12
52 176 1
52 177 5
52 178 11
52 179 10
52 180 2
52 181 6
52 182 9
52 183 7
52 184 4
52 185 12
52 186 15
52 187 4
52 188 11
52 189 13
52 190 13
52 191 2
52 192 1
52 193 2
52 194 2
52 195 8
52 196 10
52 197 6
52 198 15
52 199 11
53 100 15
53 101 12
53 102 15
53 103 4
53 104 13
53 105 6
53 106 4
53 107 13
53 108 6
53 109 7
53 110 3
53 111 6
53 112 8
53 113 12
53 114 8
53 115 5
53 116 8
53 117 6
53 118 12
53 119 7
53 120 14
53 121 12
53 122 5
53 123 12
53 124 7
53 125 9
53 126 4
53 127 7
53 128 3
53 129 10
53 130 11
53 131 11
53 132 3
53 133 4
53 134 3
53 135 7
53 136 6
53 137 14
53 138 9
53 139 6
53 140 4
53 141 8
53 142 15
53 143 15
53 144 8
53 145 11
53 146 10
53 147 8
53 148 12
53 149 11
53 150 10
53 151 12
53 152 12
53 153 1
53 154 15
53 155 2
53 156 1
53 157 13
53 158 15
53 159 6
53 160 9
53 161 13
53 162 5
53 163 7
53 164 5
53 165 3
53 166 1
53 167 13
53 168 8
53 169 13
53 170 15
53 171 1
53 172 14
53 173 2
53 174 8
53 175 12
53 176 14
53 177 13
53 178 4
53 179 1
53 180 3
53 181 8
53 182 10
53 183 4
53 184 12
53 185 3
53 186 11
53 187 5
53 188 5
53 189 9
53 190 10
53 191 13
53 192 7
53 193 10
53 194 1
53 195 13
53 196 10
53 197 9
53 198 6
53 199 9
54 100 4
54 101 14
54 102 9
54 103 9
54 104 7
54 105 5
54 106 4
54 107 10
54 108 9
54 109 14
54 110 2
54 111 8
54 112 9
54 113 9
54 114 3
54 115 1
54 116 6
54 117 11
54 118 6
54 119 9
54 120 13
54 121 11
54 122 15
54 123 7
54 124 13
54 125 2
54 126 7
54 127 3
54 128 12
54 129 14
54 130 3
54 131 4
54 132 12
54 133 12
54 134 10
54 135 15
54 136 6
54 137 1
54 138 9
54 139 15
54 140 15
54 141 5
54 142 11
54 143 14
54 144 5
54 145 8
54 146 3
54 147 7
54 148 8
54 149 9
54 150 1
54 151 15
54 152 13
54 153 10
54 154 3
54 155 8
54 156 5
54 157 11
54 158 4
54 159 13
54 160 5
54 161 5
54 162 9
54 163 12
54 164 1
54 165 12
54 166 11
54 167 6
54 168 5
54 169 13
54 170 7
54 171 11
54 172 9
54 173 11
54 174 8
54 175 1
54 176 1
54 177 14
54 178 13
54 179 9
54 180 9
54 181 13
54 182 9
54 183 15
54 184 8
54 185 12
54 186 13
54 187 7
54 188 2
54 189 14
54 190 3
54 191 10
54 192 9
54 193 3
54 194 10
54 195 11
54 196 4
54 197 14
54 198 1
54 199 3
55 100 4
55 101 3
55 102 14
55 103 8
55 104 6
55 105 13
55 106 6
55 107 4
55 108 3
55 109 10
55 110 2
55 111 4
55 112 11
55 113 10
55 114 1
55 115 12
55 116 10
55 117 6
55 118 15
55 119 11
55 120 6
55 121 2
55 122 8
55 123 3
55 124 13
55 125 4
55 126 5
55 127 14
55 128 8
55 129 5
55 130 12
55 131 8
55 132 13
55 133 11
55 134 3
55 135 2
55 136 4
55 137 6
55 138 14
55 139 11
55 140 4
55 141 4
55 142 6
55 143 14
55 144 5
55 145 2
55 146 15
55 147 13
55 148 2
55 149 1
55 150 6
55 151 14
55 152 12
55 153 5
55 154 9
55 155 6
55 156 12
55 157 7
55 158 10
55 159 4
55 160 13
55 161 3
55 162 12
55 163 10
55 164 14
55 165 12
55 166 5
55 167 1
55 168 14
55 169 13
55 170 13
55 171 10
55 172 4
55 173 12
55 174 14
55 175 5
55 176 14
55 177 9
55 178 12
55 179 1
55 180 9
55 181 3
55 182 9
55 183 14
55 184 7
55 185 5
55 186 2
55 187 7
55 188 12
55 189 6
55 190 7
55 191 15
55 192 13
55 193 10
55 194 14
55 195 9
55 196 12
55 197 10
55 198 13
55 199 12
56 100 10
56 101 3
56 102 13
56 103 1
56 104 6
56 105 9
56 106 4
56 107 2
56 108 10
56 109 1
56 110 9
56 111 12
56 112 7
56 113 9
56 114 9
56 115 5
56 116 14
56 117 10
56 118 10
56 119 15
56 120 2
56 121 1
56 122 12
56 123 14
56 124 3
56 125 15
56 126 6
56 127 9
56 128 5
56 129 10
56 130 5
56 131 5
56 132 6
56 133 3
56 134 4
56 135 11
56 136 13
56 137 11
56 138 9
56 139 4
56 140 6
56 141 9
56 142 9
56 143 3
56 144 3
56 145 6
56 146 7
56 147 1
56 148 8
56 149 12
56 150 10
56 151 6
56 152 6
56 153 12
56 154 10
56 155 10
56 156 1
56 157 5
56 158 8
56 159 1
56 160 13
56 161 8
56 162 5
56 163 15
56 164 4
56 165 11
56 166 10
56 167 15
56 168 12
56 169 12
56 170 9
56 171 5
56 172 5
56 173 3
56 174 1
56 175 12
56 176 4
56 177 2
56 178 9
56 179 9
56 180 11
56 181 6
56 182 10
56 183 11
56 184 13
56 185 8
56 186 13
56 187 8
56 188 13
56 189 5
56 190 8
56 191 14
56 192 7
56 193 7
56 194 10
56 195 1
56 196 4
56 197 10
56 198 3
56 199 1
57 100 2
57 101 6
57 102 4
57 103 3
57 104 13
57 105 8
57 106 3
57 107 9
57 108 7
57 109 4
57 110 8
57 111 13
57 112 9
57 113 2
57 114 8
57 115 2
57 116 5
57 117 14
57 118 8
57 119 4
57 120 10
57 121 11
57 122 8
57 123 9
57 124 4
57 125 10
57 126 2
57 127 5
57 128 3
57 129 3
57 130 12
57 131 4
57 132 11
57 133 14
57 134 3
57 135 9
57 136 6
57 137 9
57 138 12
57 139 1
57 140 7
57 141 4
57 142 14
57 143 1
57 144 6
57 145 7
57 146 1
57 147 1
57 148 1
57 149 12
57 150 7
57 151 3
57 152 14
57 153 14
57 154 15
57 155 9
57 156 14
57 157 9
57 158 11
57 159 3
57 160 5
57 161 9
57 162 2
57 163 15
57 164 15
57 165 2
57 166 4
57 167 3
57 168 15
57 169 5
57 170 13
57 171 10
57 172 13
57 173 15
57 174 1
57 175 11
57 176 2
57 177 8
57 178 13
57 179 1
57 180 11
57 181 12
57 182 1
57 183 9
57 184 11
57 185 9
57 186 9
57 187 12
57 188 4
57 189 9
57 190 13
57 191 3
57 192 15
57 193 8
57 194 6
57 195 2
57 196 15
57 197 5
57 198 11
57 199 11
58 100 9
58 101 10
58 102 14
58 103 15
58 104 8
58 105 11
58 106 13
58 107 15
58 108 1
58 109 8
58 110 1
58 111 12
58 112 4
58 113 8
58 114 3
58 115 4
58 116 1
58 117 11
58 118 5
58 119 15
58 120 3
58 121 2
58 122 7
58 123 2
58 124 6
58 125 10
58 126 2
58 127 1
58 128 10
58 129 5
58 130 7
58 131 4
58 132 2
58 133 7
58 134 7
58 135 11
58 136 8
58 137 7
58 138 1
58 139 2
58 140 12
58 141 8
58 142 4
58 143 12
58 144 3
58 145 14
58 146 14
58 147 6
58 148 4
58 149 14
58 150 5
58 151 1
58 152 9
58 153 10
58 154 15
58 155 3
58 156 6
58 157 5
58 158 12
58 159 12
58 160 10
58 161 14
58 162 10
58 163 2
58 164 13
58 165 5
58 166 14
58 167 1
58 168 14
58 169 3
58 170 14
58 171 4
58 172 10
58 173 4
58 174 15
58 175 7
58 176 5
58 177 13
58 178 6
58 179 13
58 180 8
58 181 6
58 182 13
58 183 1
58 184 15
58 185 15
58 186 1
58 187 15
58 188 15
58 189 10
58 190 11
58 191 7
58 192 4
58 193 11
58 194 13
58 195 6
58 196 8
58 197 14
58 198 9
58 199 2
59 100 2
59 101 8
59 102 3
59 103 2
59 104 10
59 105 2
59 106 14
59 107 13
59 108 12
59 109 3
59 110 2
59 111 4
59 112 9
59 113 7
59 114 14
59 115 8
59 116 10
59 117 2
59 118 15
59 119 3
59 120 7
59 121 7
59 122 11
59 123 6
59 124 12
59 125 6
59 126 15
59 127 2
59 128 13
59 129 4
59 130 13
59 131 9
59 132 14
59 133 6
59 134 13
59 135 9
59 136 11
59 137 9
59 138 10
59 139 9
59 140 8
59 141 10
59 142 2
59 143 13
59 144 11
59 145 1
59 146 5
59 147 6
59 148 4
59 149 7
59 150 5
59 151 8
59 152 14
59 153 10
59 154 14
59 155 14
59 156 14
59 157 15
59 158 5
59 159 14
59 160 13
59 161 5
59 162 1
59 163 14
59 164 8
59 165 6
59 166 14
59 167 14
59 168 14
59 169 9
59 170 4
59 171 7
59 172 8
59 173 9
59 174 2
59 175 10
59 176 7
59 177 10
59 178 2
59 179 2
59 180 3
59 181 12
59 182 9
59 183 15
59 184 4
59 185 15
59 186 15
59 187 3
59 188 6
59 189 4
59 190 7
59 191 5
59 192 8
59 193 7
59 194 10
59 195 8
59 196 14
59 197 1
59 198 11
59 199 7
60 100 13
60 101 14
60 102 15
60 103 11
60 104 15
60 105 9
60 106 12
60 107 13
60 108 6
60 109 8
60 110 14
60 111 7
60 112 3
60 113 12
60 114 9
60 115 12
60 116 9
60 117 2
60 118 11
60 119 6
60 120 1
60 121 8
60 122 6
60 123 2
60 124 8
60 125 12
60 126 15
60 127 15
60 128 6
60 129 14
60 130 2
60 131 6
60 132 3
60 133 6
60 134 14
60 135 4
60 136 2
60 137 11
60 138 7
60 139 5
60 140 15
60 141 7
60 142 4
60 143 13
60 144 5
60 145 12
60 146 12
60 147 12
60 148 11
60 149 12
60 150 11
60 151 3
60 152 12
60 153 12
60 154 14
60 155 8
60 156 3
60 157 8
60 158 14
60 159 5
60 160 1
60 161 1
60 162 5
60 163 10
60 164 6
60 165 11
60 166 5
60 167 7
60 168 10
60 169 14
60 170 3
60 171 13
60 172 10
60 173 5
60 174 5
60 175 4
60 176 14
60 177 4
60 178 11
60 179 13
60 180 14
60 181 11
60 182 13
60 183 2
60 184 12
60 185 2
60 186 4
60 187 8
60 188 1
60 189 4
60 190 14
60 191 13
60 192 6
60 193 3
60 194 12
60 195 7
60 196 4
60 197 13
60 198 14
60 199 14
61 100 10
61 101 11
61 102 6
61 103 4
61 104 3
61 105 5
61 106 11
61 107 14
61 108 2
61 109 15
61 110 5
61 111 1
61 112 3
61 113 13
61 114 5
61 115 6
61 116 8
61 117 8
61 118 6
61 119 8
61 120 12
61 121 13
61 122 1
61 123 13
61 124 4
61 125 1
61 126 8
61 127 11
61 128 13
61 129 10
61 130 8
61 131 1
61 132 13
61 133 14
61 134 2
61 135 13
61 136 15
61 137 10
61 138 8
61 139 2
61 140 1
61 141 8
61 142 12
61 143 4
61 144 1
61 145 6
61 146 10
61 147 6
61 148 7
61 149 3
61 150 10
61 151 5
61 152 6
61 153 9
61 154 14
61 155 10
61 156 11
61 157 4
61 158 5
61 159 4
61 160 2
61 161 6
61 162 11
61 163 4
61 164 12
61 165 7
61 166 9
61 167 2
61 168 4
61 169 8
61 170 1
61 171 11
61 172 4
61 173 5
61 174 13
61 175 15
61 176 8
61 177 14
61 178 4
61 179 2
61 180 9
61 181 4
61 182 10
61 183 1
61 184 11
61 185 14
61 186 3
61 187 14
61 188 1
61 189 7
61 190 8
61 191 6
61 192 11
61 193 12
61 194 6
61 195 7
61 196 7
61 197 13
61 198 14
61 199 15
62 100 8
62 101 8
62 102 9
62 103 2
62 104 4
62 105 14
62 106 15
62 107 2
62 108 7
62 109 11
62 110 8
62 111 3
62 112 12
62 113 9
62 114 7
62 115 12
62 116 14
62 117 1
62 118 12
62 119 14
62 120 6
62 121 9
62 122 8
62 123 8
62 124 15
62 125 14
62 126 14
62 127 3
62 128 13
62 129 2
62 130 5
62 131 12
62 132 14
62 133 13
62 134 6
62 135 4
62 136 13
62 137 13
62 138 5
62 139 12
62 140 9
62 141 10
62 142 4
62 143 2
62 144 6
62 145 15
62 146 12
62 147 3
62 148 14
62 149 14
62 150 1
62 151 2
62 152 4
62 153 14
62 154 12
62 155 1
62 156 4
62 157 9
62 158 11
62 159 15
62 160 11
62 161 2
62 162 14
62 163 3
62 164 4
62 165 13
62 166 7
62 167 14
62 168 7
62 169 7
62 170 8
62 171 14
62 172 10
62 173 3
62 174 3
62 175 1
62 176 3
62 177 7
62 178 12
62 179 2
62 180 8
62 181 6
62 182 9
62 183 10
62 184 9
62 185 2
62 186 8
62 187 7
62 188 1
62 189 14
62 190 3
62 191 2
62 192 9
62 193 13
62 194 3
62 195 11
62 196 1
62 197 11
62 198 5
62 199 13
63 100 5
63 101 2
63 102 13
63 103 12
63 104 2
63 105 12
63 106 13
63 107 1
63 108 15
63 109 7
63 110 5
63 111 2
63 112 1
63 113 8
63 114 4
63 115 11
63 116 6
63 117 15
63 118 14
63 119 5
63 120 8
63 121 6
63 122 15
63 123 14
63 124 6
63 125 1
63 126 2
63 127 1
63 128 13
63 129 2
63 130 8
63 131 9
63 132 11
63 133 15
63 134 9
63 135 8
63 136 11
63 137 15
63 138 14
63 139 3
63 140 10
63 141 11
63 142 8
63 143 1
63 144 2
63 145 8
63 146 11
63 147 2
63 148 12
63 149 10
63 150 9
63 151 7
63 152 11
63 153 5
63 154 8
63 155 7
63 156 9
63 157 12
63 158 5
63 159 6
63 160 4
63 161 5
63 162 13
63 163 3
63 164 12
63 165 13
63 166 14
63 167 12
63 168 4
63 169 10
63 170 3
63 171 13
63 172 2
63 173 14
63 174 9
63 175 12
63 176 4
63 177 8
63 178 15
63 179 7
63 180 10
63 181 9
63 182 15
63 183 7
63 184 6
63 185 8
63 186 6
63 187 6
63 188 5
63 189 15
63 190 14
63 191 6
63 192 12
63 193 14
63 194 13
63 195 14
63 196 10
63 197 3
63 198 12
63 199 13
64 100 13
64 101 7
64 102 3
64 103 1
64 104 7
64 105 12
64 106 2
64 107 9
64 108 1
64 109 4
64 110 7
64 111 1
64 112 10
64 113 9
64 114 4
64 115 8
64 116 7
64 117 6
64 118 15
64 119 5
64 120 4
64 121 6
64 122 9
64 123 5
64 124 4
64 125 10
64 126 13
64 127 2
64 128 11
64 129 8
64 130 14
64 131 3
64 132 11
64 133 13
64 134 6
64 135 4
64 136 8
64 137 12
64 138 15
64 139 4
64 140 11
64 141 8
64 142 5
64 143 8
64 144 9
64 145 3
64 146 1
64 147 1
64 148 7
64 149 15
64 150 14
64 151 10
64 152 6
64 153 14
64 154 11
64 155 2
64 156 9
64 157 5
64 158 9
64 159 15
64 160 3
64 161 7
64 162 8
64 163 8
64 164 15
64 165 5
64 166 15
64 167 14
64 168 13
64 169 7
64 170 6
64 171 1
64 172 8
64 173 15
64 174 8
64 175 11
64 176 7
64 177 7
64 178 4
64 179 2
64 180 15
64 181 4
64 182 6
64 183 4
64 184 5
64 185 15
64 186 3
64 187 15
64 188 14
64 189 12
64 190 3
64 191 2
64 192 9
64 193 4
64 194 13
64 195 1
64 196 13
64 197 14
64 198 5
64 199 3
65 100 7
65 101 14
65 102 10
65 103 3
65 104 9
65 105 2
65 106 8
65 107 15
65 108 3
65 109 13
65 110 6
65 111 14
65 112 3
65 113 10
65 114 9
65 115 13
65 116 15
65 117 2
65 118 3
65 119 6
65 120 5
65 121 12
65 122 5
65 123 3
65 124 12
65 125 1
65 126 3
65 127 14
65 128 10
65 129 11
65 130 7
65 131 9
65 132 13
65 133 11
65 134 15
65 135 3
65 136 13
65 137 10
65 138 15
65 139 1
65 140 4
65 141 2
65 142 10
65 143 8
65 144 7
65 145 7
65 146 5
65 147 3
65 148 4
65 149 1
65 150 13
65 151 15
65 152 8
65 153 11
65 154 11
65 155 1
65 156 13
65 157 12
65 158 15
65 159 7
65 160 3
65 161 14
65 162 12
65 163 15
65 164 13
65 165 2
65 166 7
65 167 2
65 168 14
65 169 4
65 170 6
65 171 9
65 172 9
65 173 1
65 174 1
65 175 9
65 176 10
65 177 10
65 178 11
65 179 14
65 180 2
65 181 14
65 182 7
65 183 8
65 184 1
65 185 12
65 186 14
65 187 3
65 188 3
65 189 4
65 190 15
65 191 5
65 192 2
65 193 4
65 194 9
65 195 11
65 196 10
65 197 14
65 198 15
65 199 14
66 100 10
66 101 5
66 102 8
66 103 12
66 104 10
66 105 2
66 106 1
66 107 10
66 108 11
66 109 6
66 110 3
66 111 2
66 112 9
66 113 5
66 114 15
66 115 7
66 116 8
66 117 13
66 118 12
66 119 6
66 120 3
66 121 5
66 122 9
66 123 4
66 124 8
66 125 14
66 126 1
66 127 2
66 128 11
66 129 15
66 130 15
66 131 12
66 132 15
66 133 1
66 134 8
66 135 14
66 136 3
66 137 8
66 138 11
66 139 13
66 140 14
66 141 8
66 142 10
66 143 9
66 144 10
66 145 15
66 146 2
66 147 2
66 148 12
66 149 8
66 150 10
66 151 2
66 152 3
66 153 2
66 154 8
66 155 10
66 156 1
66 157 12
66 158 6
66 159 15
66 160 3
66 161 15
66 162 14
66 163 12
66 164 3
66 165 14
66 166 15
66 167 3
66 168 8
66 169 6
66 170 4
66 171 14
66 172 1
66 173 11
66 174 13
66 175 6
66 176 3
66 177 8
66 178 10
66 179 12
66 180 1
66 181 13
66 182 6
66 183 5
66 184 13
66 185 6
66 186 8
66 187 10
66 188 9
66 189 12
66 190 9
66 191 2
66 192 2
66 193 5
66 194 7
66 195 11
66 196 15
66 197 13
66 198 12
66 199 3
67 100 6
67 101 8
67 102 13
67 103 6
67 104 11
67 105 2
67 106 15
67 107 4
67 108 9
67 109 13
67 110 15
67 111 2
67 112 2
67 113 8
67 114 12
67 115 3
67 116 9
67 117 2
67 118 13
67 119 5
67 120 6
67 121 9
67 122 9
67 123 2
67 124 15
67 125 13
67 126 9
67 127 10
67 128 2
67 129 10
67 130 1
67 131 5
67 132 1
67 133 9
67 134 9
67 135 3
67 136 12
67 137 11
67 138 2
67 139 6
67 140 4
67 141 4
67 142 1
67 143 2
67 144 8
67 145 3
67 146 6
67 147 14
67 148 9
67 149 10
67 150 7
67 151 12
67 152 13
67 153 9
67 154 15
67 155 6
67 156 9
67 157 3
67 158 6
67 159 4
67 160 1
67 161 3
67 162 11
67 163 2
67 164 14
67 165 11
67 166 11
67 167 12
67 168 12
67 169 5
67 170 14
67 171 8
67 172 6
67 173 4
67 174 8
67 175 8
67 176 13
67 177 5
67 178 10
67 179 2
67 180 12
67 181 2
67 182 1
67 183 11
67 184 15
67 185 10
67 186 8
67 187 2
67 188 13
67 189 12
67 190 4
67 191 1
67 192 1
67 193 7
67 194 3
67 195 10
67 196 2
67 197 3
67 198 12
67 199 11
68 100 7
68 101 15
68 102 12
68 103 12
68 104 13
68 105 11
68 106 11
68 107 2
68 108 10
68 109 6
68 110 7
68 111 3
68 112 10
68 113 4
68 114 6
68 115 1
68 116 12
68 117 6
68 118 2
68 119 15
68 120 3
68 121 15
68 122 15
68 123 3
68 124 2
68 125 15
68 126 6
68 127 3
68 128 14
68 129 4
68 130 12
68 131 13
68 132 7
68 133 10
68 134 10
68 135 11
68 136 2
68 137 3
68 138 1
68 139 2
68 140 4
68 141 7
68 142 14
68 143 13
68 144 12
68 145 9
68 146 7
68 147 13
68 148 12
68 149 7
68 150 9
68 151 3
68 152 8
68 153 13
68 154 2
68 155 9
68 156 2
68 157 4
68 158 1
68 159 10
68 160 13
68 161 4
68 162 11
68 163 10
68 164 15
68 165 1
68 166 5
68 167 1
68 168 8
68 169 5
68 170 6
68 171 4
68 172 15
68 173 2
68 174 2
68 175 3
68 176 12
68 177 13
68 178 2
68 179 5
68 180 3
68 181 12
68 182 5
68 183 9
68 184 12
68 185 3
68 186 6
68 187 11
68 188 12
68 189 6
68 190 12
68 191 3
68 192 10
68 193 3
68 194 1
68 195 1
68 196 7
68 197 14
68 198 6
68 199 11
69 100 4
69 101 12
69 102 12
69 103 6
69 104 3
69 105 9
69 106 14
69 107 7
69 108 13
69 109 10
69 110 6
69 111 8
69 112 12
69 113 5
69 114 1
69 115 12
69 116 11
69 117 8
69 118 15
69 119 6
69 120 12
69 121 15
69 122 15
69 123 10
69 124 12
69 125 4
69 126 2
69 127 11
69 128 15
69 129 6
69 130 14
69 131 9
69 132 11
69 133 6
69 134 13
69 135 6
69 136 11
69 137 15
69 138 1
69 139 3
69 140 2
69 141 6
69 142 10
69 143 4
69 144 15
69 145 12
69 146 9
69 147 14
69 148 12
69 149 14
69 150 1
69 151 12
69 152 13
69 153 3
69 154 1
69 155 6
69 156 13
69 157 12
69 158 2
69 159 10
69 160 13
69 161 13
69 162 13
69 163 4
69 164 2
69 165 13
69 166 11
69 167 15
69 168 8
69 169 15
69 170 4
69 171 3
69 172 9
69 173 9
69 174 3
69 175 13
69 176 2
69 177 7
69 178 15
69 179 13
69 180 11
69 181 11
69 182 7
69 183 6
69 184 13
69 185 1
69 186 8
69 187 13
69 188 8
69 189 9
69 190 8
69 191 15
69 192 5
69 193 4
69 194 13
69 195 12
69 196 15
69 197 8
69 198 12
69 199 1
70 100 4
70 101 3
70 102 13
70 103 4
70 104 15
70 105 8
70 106 3
70 107 5
70 108 9
70 109 5
70 110 5
70 111 15
70 112 11
70 113 8
70 114 14
70 115 11
70 116 11
70 117 9
70 118 4
70 119 11
70 120 14
70 121 7
70 122 10
70 123 1
70 124 8
70 125 12
70 126 12
70 127 2
70 128 12
70 129 1
70 130 4
70 131 13
70 132 7
70 133 5
70 134 12
70 135 5
70 136 3
70 137 6
70 138 8
70 139 15
70 140 11
70 141 5
70 142 10
70 143 1
70 144 7
70 145 5
70 146 4
70 147 15
70 148 7
70 149 14
70 150 1
70 151 8
70 152 14
70 153 3
70 154 15
70 155 14
70 156 11
70 157 5
70 158 11
70 159 5
70 160 2
70 161 12
70 162 7
70 163 13
70 164 9
70 165 7
70 166 13
70 167 14
70 168 13
70 169 8
70 170 3
70 171 14
70 172 12
70 173 5
70 174 5
70 175 9
70 176 12
70 177 2
70 178 3
70 179 12
70 180 13
70 181 1
70 182 14
70 183 15
70 184 15
70 185 10
70 186 9
70 187 6
70 188 2
70 189 15
70 190 9
70 191 14
70 192 9
70 193 11
70 194 2
70 195 14
70 196 13
70 197 9
70 198 5
70 199 7
71 100 9
71 101 5
71 102 6
71 103 8
71 104 12
71 105 2
71 106 7
71 107 11
71 108 3
71 109 2
71 110 8
71 111 6
71 112 5
71 113 6
71 114 3
71 115 6
71 116 10
71 117 9
71 118 7
71 119 9
71 120 14
71 121 5
71 122 10
71 123 4
71 124 2
71 125 5
71 126 13
71 127 5
71 128 11
71 129 13
71 130 1
71 131 10
71 132 14
71 133 8
71 134 15
71 135 12
71 136 9
71 137 1
71 138 15
71 139 5
71 140 14
71 141 2
71 142 5
71 143 2
71 144 11
71 145 2
71 146 8
71 147 12
71 148 14
71 149 6
71 150 1
71 151 3
71 152 5
71 153 3
71 154 7
71 155 11
71 156 15
71 157 15
71 158 5
71 159 9
71 160 13
71 161 9
71 162 15
71 163 6
71 164 1
71 165 13
71 166 12
71 167 9
71 168 3
71 169 8
71 170 7
71 171 4
71 172 1
71 173 5
71 174 10
71 175 3
71 176 12
71 177 9
71 178 5
71 179 15
71 180 3
71 181 5
71 182 4
71 183 4
71 184 5
71 185 6
71 186 14
71 187 6
71 188 10
71 189 11
71 190 9
71 191 11
71 192 15
71 193 1
71 194 8
71 195 7
71 196 8
71 197 14
71 198 7
71 199 4
72 100 7
72 101 15
72 102 3
72 103 9
72 104 1
72 105 2
72 106 7
72 107 12
72 108 10
72 109 11
72 110 1
72 111 9
72 112 3
72 113 10
72 114 13
72 115 3
72 116 8
72 117 9
72 118 11
72 119 10
72 120 7
72 121 15
72 122 8
72 123 11
72 124 7
72 125 9
72 126 1
72 127 7
72 128 5
72 129 1
72 130 15
72 131 11
72 132 4
72 133 8
72 134 7
72 135 15
72 136 15
72 137 7
72 138 5
72 139 10
72 140 10
72 141 12
72 142 10
72 143 11
72 144 13
72 145 1
72 146 3
72 147 13
72 148 9
72 149 14
72 150 15
72 151 10
72 152 11
72 153 10
72 154 12
72 155 7
72 156 15
72 157 4
72 158 8
72 159 2
72 160 8
72 161 7
72 162 4
72 163 11
72 164 15
72 165 11
72 166 13
72 167 14
72 168 9
72 169 8
72 170 5
72 171 9
72 172 5
72 173 5
72 174 5
72 175 9
72 176 13
72 177 6
72 178 5
72 179 6
72 180 14
72 181 7
72 182 2
72 183 9
72 184 4
72 185 7
72 186 6
72 187 10
72 188 10
72 189 2
72 190 9
72 191 3
72 192 7
72 193 6
72 194 13
72 195 6
72 196 3
72 197 2
72 198 13
72 199 1
73 100 8
73 101 1
73 102 1
73 103 4
73 104 14
73 105 14
73 106 10
73 107 8
73 108 2
73 109 11
73 110 8
73 111 9
73 112 11
73 113 3
73 114 10
73 115 15
73 116 7
73 117 13
73 118 7
73 119 4
73 120 13
73 121 3
73 122 9
73 123 6
73 124 14
73 125 3
73 126 12
73 127 3
73 128 5
73 129 14
73 130 6
73 131 6
73 132 8
73 133 15
73 134 6
73 135 7
73 136 12
73 137 5
73 138 10
73 139 6
73 140 13
73 141 4
73 142 8
73 143 4
73 144 7
73 145 11
73 146 1
73 147 15
73 148 4
73 149 13
73 150 5
73 151 12
73 152 8
73 153 13
73 154 11
73 155 15
73 156 11
73 157 4
73 158 7
73 159 13
73 160 12
73 161 1
73 162 11
73 163 14
73 164 7
73 165 3
73 166 14
73 167 12
73 168 5
73 169 13
73 170 15
73 171 4
73 172 1
73 173 7
73 174 2
73 175 1
73 176 7
73 177 15
73 178 12
73 179 9
73 180 1
73 181 9
73 182 15
73 183 11
73 184 14
73 185 10
73 186 15
73 187 15
73 188 14
73 189 14
73 190 9
73 191 11
73 192 13
73 193 13
73 194 1
73 195 13
73 196 6
73 197 4
73 198 14
73 199 11
74 100 10
74 101 6
74 102 12
74 103 3
74 104 11
74 105 10
74 106 12
74 107 9
74 108 14
74 109 4
74 110 13
74 111 9
74 112 9
74 113 7
74 114 14
74 115 9
74 116 9
74 117 1
74 118 1
74 119 10
74 120 1
74 121 1
74 122 11
74 123 13
74 124 11
74 125 5
74 126 4
74 127 12
74 128 15
74 129 1
74 130 5
74 131 10
74 132 5
74 133 2
74 134 3
74 135 14
74 136 9
74 137 12
74 138 5
74 139 13
74 140 14
74 141 8
74 142 9
74 143 13
74 144 3
74 145 1
74 146 5
74 147 3
74 148 2
74 149 13
74 150 12
74 151 10
74 152 4
74 153 2
74 154 1
74 155 13
74 156 10
74 157 5
74 158 14
74 159 8
74 160 11
74 161 12
74 162 12
74 163 4
74 164 15
74 165 6
74 166 7
74 167 15
74 168 14
74 169 6
74 170 9
74 171 10
74 172 1
74 173 8
74 174 9
74 175 15
74 176 6
74 177 10
74 178 10
74 179 1
74 180 3
74 181 13
74 182 13
74 183 9
74 184 1
74 185 3
74 186 14
74 187 8
74 188 2
74 189 1
74 190 15
74 191 10
74 192 7
74 193 13
74 194 5
74 195 14
74 196 7
74 197 5
74 198 3
74 199 2
75 100 10
75 101 5
75 102 12
75 103 6
75 104 5
75 105 8
75 106 8
75 107 8
75 108 10
75 109 15
75 110 5
75 111 15
75 112 14
75 113 6
75 114 10
75 115 1
75 116 7
75 117 5
75 118 4
75 119 15
75 120 15
75 121 1
75 122 10
75 123 9
75 124 1
75 125 14
75 126 5
75 127 2
75 128 2
75 129 9
75 130 11
75 131 3
75 132 4
75 133 11
75 134 14
75 135 6
75 136 12
75 137 5
75 138 7
75 139 9
75 140 2
75 141 14
75 142 5
75 143 1
75 144 13
75 145 1
75 146 4
75 147 13
75 148 15
75 149 1
75 150 8
75 151 2
75 152 2
75 153 15
75 154 9
75 155 2
75 156 11
75 157 15
75 158 8
75 159 15
75 160 1
75 161 9
75 162 12
75 163 12
75 164 15
75 165 10
75 166 7
75 167 10
75 168 14
75 169 4
75 170 5
75 171 13
75 172 5
75 173 3
75 174 4
75 175 15
75 176 9
75 177 13
75 178 11
75 179 8
75 180 4
75 181 15
75 182 6
75 183 5
75 184 11
75 185 6
75 186 4
75 187 13
75 188 2
75 189 10
75 190 6
75 191 10
75 192 2
75 193 9
75 194 5
75 195 9
75 196 9
75 197 12
75 198 10
75 199 7
76 100 10
76 101 7
76 102 4
76 103 2
76 104 5
76 105 8
76 106 5
76 107 2
76 108 7
76 109 13
76 110 14
76 111 11
76 112 3
76 113 7
76 114 4
76 115 2
76 116 10
76 117 7
76 118 9
76 119 14
76 120 3
76 121 5
76 122 4
76 123 7
76 124 12
76 125 10
76 126 8
76 127 6
76 128 4
76 129 11
76 130 7
76 131 11
76 132 2
76 133 4
76 134 2
76 135 15
76 136 10
76 137 15
76 138 4
76 139 9
76 140 8
76 141 15
76 142 2
76 143 6
76 144 6
76 145 1
76 146 3
76 147 5
76 148 9
76 149 13
76 150 2
76 151 6
76 152 8
76 153 5
76 154 12
76 155 7
76 156 6
76 157 15
76 158 9
76 159 4
76 160 11
76 161 13
76 162 11
76 163 4
76 164 14
76 165 7
76 166 8
76 167 15
76 168 13
76 169 4
76 170 9
76 171 3
76 172 7
76 173 1
76 174 8
76 175 14
76 176 3
76 177 2
76 178 11
76 179 7
76 180 10
76 181 12
76 182 13
76 183 5
76 184 3
76 185 3
76 186 14
76 187 15
76 188 11
76 189 6
76 190 13
76 191 7
76 192 15
76 193 13
76 194 3
76 195 14
76 196 7
76 197 14
76 198 15
76 199 11
77 100 13
77 101 1
77 102 5
77 103 14
77 104 1
77 105 6
77 106 6
77 107 3
77 108 12
77 109 15
77 110 3
77 111 1
77 112 4
77 113 13
77 114 8
77 115 13
77 116 9
77 117 8
77 118 11
77 119 10
77 120 13
77 121 9
77 122 5
77 123 2
77 124 11
77 125 12
77 126 12
77 127 14
77 128 10
77 129 15
77 130 14
77 131 10
77 132 7
77 133 8
77 134 4
77 135 10
77 136 13
77 137 9
77 138 1
77 139 12
77 140 1
77 141 4
77 142 1
77 143 14
77 144 10
77 145 2
77 146 9
77 147 9
77 148 13
77 149 7
77 150 9
77 151 10
77 152 3
77 153 11
77 154 11
77 155 3
77 156 4
77 157 14
77 158 7
77 159 10
77 160 11
77 161 3
77 162 1
77 163 9
77 164 5
77 165 14
77 166 4
77 167 7
77 168 6
77 169 4
77 170 3
77 171 12
77 172 4
77 173 10
77 174 9
77 175 9
77 176 8
77 177 5
77 178 11
77 179 15
77 180 5
77 181 13
77 182 15
77 183 7
77 184 6
77 185 7
77 186 4
77 187 3
77 188 15
77 189 12
77 190 3
77 191 8
77 192 3
77 193 14
77 194 9
77 195 12
77 196 13
77 197 5
77 198 5
77 199 11
78 100 15
78 101 15
78 102 12
78 103 13
78 104 14
78 105 12
78 106 9
78 107 12
78 108 4
78 109 10
78 110 13
78 111 9
78 112 14
78 113 15
78 114 13
78 115 4
78 116 11
78 117 12
78 118 13
78 119 4
78 120 1
78 121 4
78 122 13
78 123 9
78 124 5
78 125 4
78 126 4
78 127 8
78 128 8
78 129 6
78 130 10
78 131 10
78 132 11
78 133 13
78 134 1
78 135 3
78 136 3
78 137 7
78 138 2
78 139 4
78 140 6
78 141 12
78 142 14
78 143 4
78 144 1
78 145 6
78 146 3
78 147 9
78 148 8
78 149 7
78 150 3
78 151 1
78 152 14
78 153 13
78 154 6
78 155 8
78 156 13
78 157 5
78 158 11
78 159 9
78 160 2
78 161 15
78 162 3
78 163 4
78 164 13
78 165 14
78 166 14
78 167 10
78 168 11
78 169 6
78 170 9
78 171 11
78 172 6
78 173 1
78 174 5
78 175 4
78 176 15
78 177 3
78 178 15
78 179 2
78 180 6
78 181 2
78 182 11
78 183 9
78 184 8
78 185 4
78 186 11
78 187 5
78 188 3
78 189 10
78 190 10
78 191 12
78 192 6
78 193 8
78 194 8
78 195 14
78 196 2
78 197 6
78 198 9
78 199 1
79 100 13
79 101 13
79 102 7
79 103 12
79 104 2
79 105 4
79 106 6
79 107 2
79 108 10
79 109 8
79 110 13
79 111 4
79 112 15
79 113 13
79 114 4
79 115 2
79 116 7
79 117 12
79 118 2
79 119 1
79 120 15
79 121 6
79 122 7
79 123 4
79 124 8
79 125 13
79 126 13
79 127 3
79 128 4
79 129 1
79 130 5
79 131 4
79 132 6
79 133 14
79 134 4
79 135 5
79 136 8
79 137 6
79 138 8
79 139 2
79 140 10
79 141 15
79 142 13
79 143 3
79 144 13
79 145 13
79 146 2
79 147 5
79 148 15
79 149 8
79 150 5
79 151 5
79 152 7
79 153 8
79 154 5
79 155 11
79 156 10
79 157 15
79 158 3
79 159 3
79 160 2
79 161 3
79 162 3
79 163 6
79 164 15
79 165 15
79 166 9
79 167 7
79 168 15
79 169 13
79 170 15
79 171 12
79 172 11
79 173 7
79 174 15
79 175 4
79 176 13
79 177 10
79 178 11
79 179 6
79 180 4
79 181 5
79 182 4
79 183 3
79 184 9
79 185 15
79 186 7
79 187 5
79 188 13
79 189 1
79 190 8
79 191 11
79 192 8
79 193 3
79 194 3
79 195 5
79 196 11
79 197 2
79 198 13
79 199 11
80 100 8
80 101 5
80 102 6
80 103 7
80 104 6
80 105 6
80 106 4
80 107 13
80 108 15
80 109 14
80 110 7
80 111 11
80 112 13
80 113 10
80 114 12
80 115 13
80 116 2
80 117 4
80 118 14
80 119 4
80 120 11
80 121 5
80 122 6
80 123 7
80 124 2
80 125 9
80 126 5
80 127 7
80 128 15
80 129 4
80 130 14
80 131 7
80 132 7
80 133 14
80 134 12
80 135 9
80 136 8
80 137 4
80 138 8
80 139 5
80 140 11
80 141 9
80 142 5
80 143 2
80 144 2
80 145 9
80 146 5
80 147 13
80 148 12
80 149 5
80 150 12
80 151 1
80 152 12
80 153 10
80 154 1
80 155 4
80 156 14
80 157 9
80 158 14
80 159 2
80 160 12
80 161 3
80 162 3
80 163 9
80 164 4
80 165 5
80 166 13
80 167 15
80 168 12
80 169 8
80 170 7
80 171 11
80 172 7
80 173 9
80 174 14
80 175 11
80 176 9
80 177 14
80 178 9
80 179 14
80 180 15
80 181 12
80 182 11
80 183 10
80 184 10
80 185 12
80 186 4
80 187 5
80 188 6
80 189 8
80 190 2
80 191 8
80 192 14
80 193 4
80 194 2
80 195 1
80 196 11
80 197 13
80 198 2
80 199 4
81 100 13
81 101 3
81 102 4
81 103 12
81 104 12
81 105 10
81 106 4
81 107 1
81 108 6
81 109 11
81 110 15
81 111 15
81 112 15
81 113 7
81 114 13
81 115 14
81 116 6
81 117 3
81 118 12
81 119 15
81 120 1
81 121 12
81 122 2
81 123 10
81 124 10
81 125 9
81 126 10
81 127 10
81 128 10
81 129 7
81 130 11
81 131 12
81 132 2
81 133 3
81 134 3
81 135 12
81 136 5
81 137 8
81 138 11
81 139 6
81 140 14
81 141 10
81 142 8
81 143 13
81 144 7
81 145 14
81 146 14
81 147 8
81 148 6
81 149 12
81 150 13
81 151 2
81 152 4
81 153 10
81 154 8
81 155 6
81 156 10
81 157 15
81 158 10
81 159 13
81 160 11
81 161 10
81 162 8
81 163 4
81 164 12
81 165 14
81 166 11
81 167 4
81 168 9
81 169 3
81 170 12
81 171 2
81 172 9
81 173 4
81 174 8
81 175 12
81 176 15
81 177 5
81 178 8
81 179 3
81 180 3
81 181 10
81 182 15
81 183 15
81 184 11
81 185 15
81 186 9
81 187 4
81 188 9
81 189 15
81 190 10
81 191 7
81 192 12
81 193 15
81 194 3
81 195 11
81 196 3
81 197 10
81 198 9
81 199 3
82 100 8
82 101 13
82 102 2
82 103 3
82 104 7
82 105 7
82 106 12
82 107 11
82 108 15
82 109 6
82 110 12
82 111 7
82 112 10
82 113 9
82 114 12
82 115 11
82 116 11
82 117 2
82 118 1
82 119 11
82 120 10
82 121 13
82 122 15
82 123 1
82 124 14
82 125 5
82 126 7
82 127 1
82 128 13
82 129 9
82 130 7
82 131 1
82 132 7
82 133 15
82 134 14
82 135 12
82 136 15
82 137 5
82 138 8
82 139 13
82 140 1
82 141 8
82 142 2
82 143 4
82 144 12
82 145 1
82 146 11
82 147 11
82 148 14
82 149 5
82 150 10
82 151 8
82 152 6
82 153 3
82 154 4
82 155 1
82 156 3
82 157 7
82 158 3
82 159 2
82 160 1
82 161 4
82 162 8
82 163 3
82 164 2
82 165 1
82 166 14
82 167 12
82 168 12
82 169 15
82 170 3
82 171 3
82 172 7
82 173 5
82 174 1
82 175 11
82 176 11
82 177 3
82 178 11
82 179 11
82 180 2
82 181 9
82 182 12
82 183 3
82 184 12
82 185 7
82 186 3
82 187 10
82 188 14
82 189 9
82 190 3
82 191 12
82 192 11
82 193 6
82 194 10
82 195 12
82 196 12
82 197 12
82 198 14
82 199 9
83 100 14
83 101 4
83 102 3
83 103 15
83 104 15
83 105 4
83 106 11
83 107 4
83 108 5
83 109 4
83 110 2
83 111 14
83 112 13
83 113 10
83 114 6
83 115 9
83 116 3
83 117 10
83 118 10
83 119 14
83 120 6
83 121 7
83 122 13
83 123 12
83 124 5
83 125 5
83 126 4
83 127 5
83 128 8
83 129 4
83 130 6
83 131 10
83 132 9
83 133 5
83 134 10
83 135 15
83 136 9
83 137 7
83 138 8
83 139 11
83 140 14
83 141 7
83 142 12
83 143 7
83 144 2
83 145 11
83 146 14
83 147 6
83 148 12
83 149 11
83 150 4
83 151 7
83 152 15
83 153 2
83 154 2
83 155 6
83 156 1
83 157 10
83 158 2
83 159 11
83 160 2
83 161 1
83 162 10
83 163 9
83 164 13
83 165 12
83 166 10
83 167 1
83 168 8
83 169 3
83 170 1
83 171 8
83 172 13
83 173 6
83 174 14
83 175 12
83 176 7
83 177 5
83 178 13
83 179 2
83 180 5
83 181 15
83 182 6
83 183 15
83 184 12
83 185 2
83 186 7
83 187 9
83 188 11
83 189 11
83 190 10
83 191 11
83 192 15
83 193 3
83 194 14
83 195 9
83 196 15
83 197 6
83 198 15
83 199 2
84 100 6
84 101 1
84 102 8
84 103 1
84 104 12
84 105 1
84 106 12
84 107 1
84 108 9
84 109 10
84 110 11
84 111 5
84 112 8
84 113 3
84 114 3
84 115 9
84 116 8
84 117 7
84 118 10
84 119 3
84 120 3
84 121 7
84 122 6
84 123 11
84 124 6
84 125 10
84 126 15
84 127 13
84 128 8
84 129 8
84 130 9
84 131 15
84 132 4
84 133 9
84 134 9
84 135 6
84 136 4
84 137 5
84 138 4
84 139 9
84 140 6
84 141 9
84 142 9
84 143 1
84 144 9
84 145 3
84 146 5
84 147 12
84 148 15
84 149 8
84 150 13
84 151 4
84 152 4
84 153 4
84 154 6
84 155 14
84 156 1
84 157 10
84 158 5
84 159 2
84 160 13
84 161 13
84 162 5
84 163 9
84 164 10
84 165 7
84 166 11
84 167 2
84 168 14
84 169 15
84 170 9
84 171 5
84 172 6
84 173 2
84 174 7
84 175 1
84 176 9
84 177 8
84 178 7
84 179 10
84 180 2
84 181 7
84 182 6
84 183 5
84 184 14
84 185 3
84 186 5
84 187 1
84 188 4
84 189 11
84 190 2
84 191 10
84 192 11
84 193 11
84 194 11
84 195 15
84 196 14
84 197 14
84 198 7
84 199 8
85 100 5
85 101 6
85 102 4
85 103 14
85 104 8
85 105 11
85 106 1
85 107 10
85 108 14
85 109 15
85 110 10
85 111 11
85 112 5
85 113 11
85 114 13
85 115 8
85 116 14
85 117 5
85 118 10
85 119 15
85 120 3
85 121 1
85 122 8
85 123 13
85 124 12
85 125 9
85 126 11
85 127 11
85 128 13
85 129 9
85 130 2
85 131 12
85 132 9
85 133 2
85 134 4
85 135 6
85 136 4
85 137 2
85 138 15
85 139 14
85 140 1
85 141 14
85 142 4
85 143 13
85 144 4
85 145 11
85 146 8
85 147 10
85 148 10
85 149 10
85 150 1
85 151 14
85 152 9
85 153 2
85 154 5
85 155 8
85 156 1
85 157 7
85 158 5
85 159 8
85 160 1
85 161 7
85 162 4
85 163 2
85 164 5
85 165 14
85 166 12
85 167 4
85 168 15
85 169 15
85 170 11
85 171 2
85 172 3
85 173 9
85 174 11
85 175 5
85 176 3
85 177 11
85 178 10
85 179 5
85 180 2
85 181 3
85 182 8
85 183 13
85 184 4
85 185 2
85 186 1
85 187 11
85 188 10
85 189 13
85 190 5
85 191 11
85 192 6
85 193 4
85 194 7
85 195 11
85 196 6
85 197 4
85 198 6
85 199 2
86 100 4
86 101 3
86 102 15
86 103 8
86 104 9
86 105 9
86 106 10
86 107 3
86 108 6
86 109 3
86 110 12
86 111 12
86 112 12
86 113 11
86 114 5
86 115 2
86 116 4
86 117 4
86 118 5
86 119 4
86 120 6
86 121 11
86 122 3
86 123 6
86 124 4
86 125 10
86 126 14
86 127 13
86 128 5
86 129 3
86 130 10
86 131 4
86 132 13
86 133 4
86 134 6
86 135 12
86 136 15
86 137 13
86 138 4
86 139 4
86 140 13
86 141 13
86 142 8
86 143 12
86 144 1
86 145 15
86 146 8
86 147 8
86 148 2
86 149 9
86 150 1
86 151 8
86 152 6
86 153 9
86 154 2
86 155 10
86 156 12
86 157 7
86 158 10
86 159 15
86 160 4
86 161 9
86 162 5
86 163 4
86 164 8
86 165 8
86 166 3
86 167 12
86 168 13
86 169 2
86 170 4
86 171 14
86 172 14
86 173 10
86 174 2
86 175 8
86 176 10
86 177 13
86 178 11
86 179 5
86 180 10
86 181 8
86 182 4
86 183 1
86 184 1
86 185 14
86 186 2
86 187 14
86 188 3
86 189 10
86 190 4
86 191 5
86 192 15
86 193 8
86 194 4
86 195 13
86 196 13
86 197 2
86 198 14
86 199 5
87 100 11
87 101 14
87 102 3
87 103 10
87 104 2
87 105 6
87 106 1
87 107 14
87 108 11
87 109 5
87 110 13
87 111 6
87 112 5
87 113 4
87 114 8
87 115 14
87 116 15
87 117 8
87 118 5
87 119 10
87 120 13
87 121 15
87 122 11
87 123 14
87 124 6
87 125 1
87 126 2
87 127 5
87 128 14
87 129 1
87 130 2
87 131 14
87 132 6
87 133 4
87 134 3
87 135 12
87 136 2
87 137 15
87 138 3
87 139 5
87 140 8
87 141 4
87 142 8
87 143 2
87 144 13
87 145 8
87 146 7
87 147 4
87 148 2
87 149 7
87 150 4
87 151 9
87 152 7
87 153 7
87 154 10
87 155 13
87 156 15
87 157 8
87 158 14
87 159 3
87 160 12
87 161 4
87 162 4
87 163 2
87 164 11
87 165 12
87 166 10
87 167 6
87 168 1
87 169 4
87 170 7
87 171 4
87 172 14
87 173 12
87 174 6
87 175 10
87 176 13
87 177 12
87 178 14
87 179 2
87 180 6
87 181 8
87 182 9
87 183 6
87 184 12
87 185 14
87 186 3
87 187 5
87 188 4
87 189 15
87 190 12
87 191 15
87 192 9
87 193 15
87 194 8
87 195 13
87 196 14
87 197 4
87 198 15
87 199 3
88 100 9
88 101 12
88 102 14
88 103 11
88 104 12
88 105 9
88 106 15
88 107 12
88 108 11
88 109 9
88 110 3
88 111 10
88 112 6
88 113 5
88 114 2
88 115 13
88 116 7
88 117 12
88 118 10
88 119 8
88 120 6
88 121 6
88 122 8
88 123 13
88 124 6
88 125 13
88 126 10
88 127 15
88 128 8
88 129 6
88 130 1
88 131 5
88 132 9
88 133 8
88 134 5
88 135 6
88 136 8
88 137 14
88 138 11
88 139 5
88 140 12
88 141 7
88 142 3
88 143 11
88 144 8
88 145 15
88 146 1
88 147 9
88 148 3
88 149 6
88 150 11
88 151 4
88 152 6
88 153 11
88 154 8
88 155 12
88 156 10
88 157 15
88 158 15
88 159 11
88 160 7
88 161 1
88 162 4
88 163 14
88 164 11
88 165 12
88 166 11
88 167 9
88 168 4
88 169 13
88 170 1
88 171 6
88 172 10
88 173 12
88 174 7
88 175 10
88 176 9
88 177 15
88 178 2
88 179 2
88 180 7
88 181 10
88 182 15
88 183 9
88 184 10
88 185 4
88 186 4
88 187 15
88 188 3
88 189 3
88 190 5
88 191 5
88 192 3
88 193 11
88 194 12
88 195 15
88 196 12
88 197 2
88 198 3
88 199 9
89 100 1
89 101 2
89 102 6
89 103 13
89 104 2
89 105 8
89 106 2
89 107 10
89 108 9
89 109 13
89 110 15
89 111 15
89 112 13
89 113 6
89 114 6
89 115 7
89 116 7
89 117 3
89 118 3
89 119 14
89 120 3
89 121 12
89 122 14
89 123 1
89 124 1
89 125 6
89 126 13
89 127 7
89 128 2
89 129 5
89 130 9
89 131 4
89 132 10
89 133 6
89 134 7
89 135 2
89 136 14
89 137 6
89 138 10
89 139 1
89 140 3
89 141 3
89 142 8
89 143 7
89 144 7
89 145 15
89 146 14
89 147 14
89 148 1
89 149 3
89 150 6
89 151 12
89 152 15
89 153 6
89 154 9
89 155 1
89 156 15
89 157 5
89 158 4
89 159 6
89 160 12
89 161 2
89 162 9
89 163 6
89 164 5
89 165 7
89 166 3
89 167 6
89 168 2
89 169 5
89 170 13
89 171 14
89 172 4
89 173 9
89 174 2
89 175 3
89 176 8
89 177 4
89 178 7
89 179 5
89 180 1
89 181 1
89 182 12
89 183 3
89 184 5
89 185 14
89 186 7
89 187 9
89 188 14
89 189 15
89 190 7
89 191 8
89 192 10
89 193 15
89 194 13
89 195 10
89 196 7
89 197 14
89 198 7
89 199 12
90 100 12
90 101 6
90 102 2
90 103 4
90 104 12
90 105 8
90 106 6
90 107 15
90 108 13
90 109 12
90 110 4
90 111 3
90 112 10
90 113 14
90 114 11
90 115 10
90 116 4
90 117 9
90 118 6
90 119 1
90 120 8
90 121 9
90 122 7
90 123 10
90 124 2
90 125 5
90 126 11
90 127 10
90 128 3
90 129 12
90 130 10
90 131 5
90 132 5
90 133 9
90 134 1
90 135 9
90 136 3
90 137 4
90 138 2
90 139 10
90 140 3
90 141 6
90 142 2
90 143 1
90 144 4
90 145 8
90 146 12
90 147 1
90 148 13
90 149 15
90 150 4
90 151 12
90 152 15
90 153 11
90 154 9
90 155 11
90 156 5
90 157 9
90 158 11
90 159 10
90 160 3
90 161 4
90 162 11
90 163 12
90 164 4
90 165 10
90 166 14
90 167 14
90 168 5
90 169 10
90 170 9
90 171 13
90 172 4
90 173 7
90 174 14
90 175 11
90 176 8
90 177 10
90 178 7
90 179 8
90 180 9
90 181 3
90 182 4
90 183 14
90 184 1
90 185 15
90 186 10
90 187 13
90 188 6
90 189 6
90 190 1
90 191 5
90 192 9
90 193 8
90 194 11
90 195 13
90 196 1
90 197 14
90 198 15
90 199 6
91 100 12
91 101 9
91 102 1
91 103 1
91 104 7
91 105 10
91 106 1
91 107 2
91 108 3
91 109 4
91 110 14
91 111 5
91 112 14
91 113 5
91 114 12
91 115 3
91 116 13
91 117 6
91 118 12
91 119 13
91 120 6
91 121 11
91 122 4
91 123 4
91 124 13
91 125 6
91 126 15
91 127 2
91 128 11
91 129 10
91 130 10
91 131 13
91 132 3
91 133 8
91 134 7
91 135 14
91 136 3
91 137 2
91 138 1
91 139 11
91 140 9
91 141 6
91 142 7
91 143 10
91 144 11
91 145 11
91 146 8
91 147 6
91 148 9
91 149 6
91 150 9
91 151 10
91 152 3
91 153 2
91 154 1
91 155 7
91 156 15
91 157 13
91 158 12
91 159 12
91 160 5
91 161 6
91 162 11
91 163 10
91 164 9
91 165 7
91 166 2
91 167 10
91 168 3
91 169 10
91 170 1
91 171 9
91 172 4
91 173 8
91 174 12
91 175 13
91 176 2
91 177 11
91 178 13
91 179 4
91 180 7
91 181 2
91 182 10
91 183 11
91 184 15
91 185 11
91 186 9
91 187 4
91 188 11
91 189 14
91 190 2
91 191 2
91 192 10
91 193 6
91 194 4
91 195 3
91 196 13
91 197 13
91 198 10
91 199 3
92 100 7
92 101 12
92 102 9
92 103 5
92 104 9
92 105 10
92 106 13
92 107 14
92 108 11
92 109 12
92 110 2
92 111 4
92 112 3
92 113 14
92 114 8
92 115 2
92 116 11
92 117 12
92 118 7
92 119 12
92 120 6
92 121 5
92 122 9
92 123 13
92 124 10
92 125 5
92 126 15
92 127 13
92 128 11
92 129 12
92 130 12
92 131 15
92 132 2
92 133 11
92 134 12
92 135 11
92 136 14
92 137 6
92 138 4
92 139 5
92 140 13
92 141 10
92 142 8
92 143 9
92 144 15
92 145 7
92 146 15
92 147 14
92 148 10
92 149 10
92 150 14
92 151 1
92 152 7
92 153 9
92 154 14
92 155 12
92 156 2
92 157 11
92 158 11
92 159 15
92 160 7
92 161 3
92 162 12
92 163 7
92 164 11
92 165 14
92 166 15
92 167 9
92 168 8
92 169 12
92 170 9
92 171 3
92 172 3
92 173 7
92 174 14
92 175 15
92 176 1
92 177 14
92 178 12
92 179 9
92 180 9
92 181 11
92 182 2
92 183 7
92 184 5
92 185 11
92 186 8
92 187 15
92 188 8
92 189 14
92 190 4
92 191 9
92 192 4
92 193 11
92 194 4
92 195 6
92 196 1
92 197 13
92 198 5
92 199 15
93 100 8
93 101 3
93 102 7
93 103 5
93 104 14
93 105 15
93 106 6
93 107 15
93 108 12
93 109 13
93 110 11
93 111 7
93 112 10
93 113 7
93 114 5
93 115 14
93 116 8
93 117 15
93 118 8
93 119 13
93 120 12
93 121 14
93 122 15
93 123 6
93 124 1
93 125 6
93 126 6
93 127 1
93 128 14
93 129 10
93 130 12
93 131 2
93 132 14
93 133 4
93 134 9
93 135 15
93 136 2
93 137 1
93 138 5
93 139 15
93 140 2
93 141 6
93 142 11
93 143 14
93 144 7
93 145 13
93 146 14
93 147 7
93 148 1
93 149 13
93 150 4
93 151 13
93 152 12
93 153 15
93 154 3
93 155 6
93 156 1
93 157 5
93 158 6
93 159 3
93 160 8
93 161 5
93 162 4
93 163 11
93 164 13
93 165 13
93 166 7
93 167 9
93 168 8
93 169 7
93 170 7
93 171 14
93 172 7
93 173 12
93 174 6
93 175 6
93 176 3
93 177 11
93 178 14
93 179 8
93 180 3
93 181 8
93 182 13
93 183 14
93 184 2
93 185 6
93 186 1
93 187 11
93 188 10
93 189 13
93 190 6
93 191 11
93 192 2
93 193 8
93 194 12
93 195 3
93 196 8
93 197 6
93 198 12
93 199 9
94 100 6
94 101 11
94 102 2
94 103 15
94 104 11
94 105 1
94 106 10
94 107 6
94 108 14
94 109 5
94 110 10
94 111 1
94 112 4
94 113 15
94 114 1
94 115 6
94 116 10
94 117 8
94 118 6
94 119 7
94 120 5
94 121 4
94 122 13
94 123 13
94 124 7
94 125 6
94 126 2
94 127 14
94 128 6
94 129 15
94 130 5
94 131 4
94 132 2
94 133 13
94 134 13
94 135 3
94 136 9
94 137 8
94 138 9
94 139 15
94 140 15
94 141 5
94 142 11
94 143 4
94 144 5
94 145 6
94 146 1
94 147 15
94 148 13
94 149 15
94 150 9
94 151 2
94 152 13
94 153 5
94 154 1
94 155 2
94 156 8
94 157 7
94 158 12
94 159 9
94 160 3
94 161 12
94 162 1
94 163 7
94 164 5
94 165 4
94 166 9
94 167 7
94 168 5
94 169 7
94 170 6
94 171 7
94 172 6
94 173 5
94 174 8
94 175 5
94 176 5
94 177 1
94 178 12
94 179 15
94 180 4
94 181 13
94 182 15
94 183 7
94 184 11
94 185 7
94 186 13
94 187 8
94 188 3
94 189 9
94 190 10
94 191 6
94 192 12
94 193 4
94 194 8
94 195 3
94 196 5
94 197 10
94 198 12
94 199 3
95 100 15
95 101 7
95 102 9
95 103 4
95 104 6
95 105 2
95 106 12
95 107 10
95 108 12
95 109 9
95 110 2
95 111 4
95 112 7
95 113 13
95 114 10
95 115 11
95 116 9
95 117 5
95 118 12
95 119 12
95 120 4
95 121 8
95 122 7
95 123 6
95 124 3
95 125 2
95 126 10
95 127 3
95 128 14
95 129 6
95 130 4
95 131 2
95 132 8
95 133 3
95 134 5
95 135 14
95 136 6
95 137 13
95 138 8
95 139 10
95 140 7
95 141 12
95 142 2
95 143 14
95 144 13
95 145 12
95 146 6
95 147 10
95 148 5
95 149 8
95 150 2
95 151 12
95 152 7
95 153 1
95 154 3
95 155 14
95 156 2
95 157 8
95 158 15
95 159 14
95 160 8
95 161 2
95 162 1
95 163 11
95 164 5
95 165 3
95 166 10
95 167 15
95 168 10
95 169 5
95 170 5
95 171 1
95 172 6
95 173 7
95 174 7
95 175 10
95 176 13
95 177 4
95 178 3
95 179 1
95 180 6
95 181 15
95 182 1
95 183 1
95 184 7
95 185 4
95 186 14
95 187 13
95 188 9
95 189 15
95 190 6
95 191 4
95 192 9
95 193 8
95 194 9
95 195 8
95 196 10
95 197 1
95 198 12
95 199 5
96 100 5
96 101 15
96 102 7
96 103 3
96 104 1
96 105 13
96 106 2
96 107 14
96 108 13
96 109 4
96 110 7
96 111 4
96 112 1
96 113 7
96 114 8
96 115 4
96 116 5
96 117 7
96 118 12
96 119 1
96 120 15
96 121 3
96 122 15
96 123 6
96 124 7
96 125 7
96 126 3
96 127 6
96 128 6
96 129 6
96 130 4
96 131 10
96 132 13
96 133 13
96 134 11
96 135 8
96 136 14
96 137 12
96 138 14
96 139 4
96 140 3
96 141 11
96 142 15
96 143 9
96 144 14
96 145 10
96 146 9
96 147 14
96 148 15
96 149 4
96 150 7
96 151 5
96 152 6
96 153 6
96 154 14
96 155 5
96 156 12
96 157 11
96 158 9
96 159 1
96 160 9
96 161 4
96 162 1
96 163 6
96 164 9
96 165 13
96 166 5
96 167 12
96 168 7
96 169 11
96 170 9
96 171 7
96 172 2
96 173 8
96 174 8
96 175 10
96 176 2
96 177 7
96 178 3
96 179 1
96 180 3
96 181 9
96 182 15
96 183 2
96 184 13
96 185 7
96 186 8
96 187 1
96 188 14
96 189 4
96 190 5
96 191 9
96 192 9
96 193 12
96 194 9
96 195 3
96 196 4
96 197 14
96 198 15
96 199 8
97 100 2
97 101 14
97 102 7
97 103 5
97 104 3
97 105 4
97 106 15
97 107 1
97 108 2
97 109 15
97 110 8
97 111 10
97 112 8
97 113 12
97 114 1
97 115 3
97 116 3
97 117 4
97 118 5
97 119 11
97 120 15
97 121 6
97 122 5
97 123 8
97 124 11
97 125 12
97 126 2
97 127 13
97 128 4
97 129 10
97 130 8
97 131 1
97 132 9
97 133 13
97 134 7
97 135 1
97 136 8
97 137 3
97 138 9
97 139 11
97 140 2
97 141 4
97 142 7
97 143 10
97 144 4
97 145 14
97 146 15
97 147 10
97 148 13
97 149 8
97 150 13
97 151 4
97 152 9
97 153 2
97 154 10
97 155 8
97 156 10
97 157 10
97 158 5
97 159 11
97 160 12
97 161 10
97 162 7
97 163 11
97 164 10
97 165 11
97 166 3
97 167 4
97 168 3
97 169 14
97 170 9
97 171 5
97 172 4
97 173 8
97 174 7
97 175 15
97 176 3
97 177 4
97 178 11
97 179 4
97 180 8
97 181 9
97 182 13
97 183 1
97 184 2
97 185 15
97 186 10
97 187 14
97 188 3
97 189 15
97 190 6
97 191 1
97 192 14
97 193 13
97 194 3
97 195 6
97 196 11
97 197 12
97 198 2
97 199 1
98 100 4
98 101 9
98 102 9
98 103 3
98 104 13
98 105 11
98 106 10
98 107 6
98 108 7
98 109 12
98 110 3
98 111 13
98 112 8
98 113 2
98 114 15
98 115 13
98 116 14
98 117 1
98 118 1
98 119 10
98 120 1
98 121 2
98 122 9
98 123 8
98 124 2
98 125 2
98 126 5
98 127 7
98 128 13
98 129 14
98 130 7
98 131 8
98 132 14
98 133 9
98 134 13
98 135 9
98 136 1
98 137 3
98 138 10
98 139 2
98 140 1
98 141 12
98 142 12
98 143 6
98 144 10
98 145 6
98 146 13
98 147 8
98 148 13
98 149 5
98 150 11
98 151 2
98 152 4
98 153 11
98 154 4
98 155 15
98 156 13
98 157 3
98 158 13
98 159 9
98 160 12
98 161 13
98 162 7
98 163 3
98 164 13
98 165 4
98 166 1
98 167 1
98 168 13
98 169 11
98 170 1
98 171 8
98 172 4
98 173 10
98 174 4
98 175 9
98 176 7
98 177 9
98 178 10
98 179 11
98 180 10
98 181 7
98 182 15
98 183 10
98 184 10
98 185 8
98 186 14
98 187 4
98 188 7
98 189 4
98 190 2
98 191 1
98 192 12
98 193 7
98 194 5
98 195 9
98 196 13
98 197 13
98 198 4
98 199 1
99 100 6
99 101 10
99 102 1
99 103 2
99 104 7
99 105 11
99 106 14
99 107 12
99 108 11
99 109 1
99 110 4
99 111 9
99 112 4
99 113 12
99 114 6
99 115 6
99 116 3
99 117 6
99 118 7
99 119 4
99 120 4
99 121 13
99 122 14
99 123 10
99 124 9
99 125 11
99 126 11
99 127 14
99 128 7
99 129 4
99 130 10
99 131 6
99 132 11
99 133 2
99 134 7
99 135 15
99 136 4
99 137 1
99 138 9
99 139 8
99 140 4
99 141 7
99 142 11
99 143 15
99 144 6
99 145 7
99 146 7
99 147 13
99 148 4
99 149 1
99 150 7
99 151 6
99 152 2
99 153 1
99 154 2
99 155 15
99 156 13
99 157 4
99 158 9
99 159 2
99 160 8
99 161 9
99 162 3
99 163 14
99 164 13
99 165 8
99 166 14
99 167 1
99 168 11
99 169 10
99 170 14
99 171 2
99 172 15
99 173 13
99 174 1
99 175 4
99 176 7
99 177 14
99 178 2
99 179 9
99 180 13
99 181 2
99 182 2
99 183 12
99 184 7
99 185 2
99 186 13
99 187 5
99 188 6
99 189 5
99 190 4
99 191 7
99 192 8
99 193 12
99 194 2
99 195 4
99 196 11
99 197 11
99 198 15
99 199 4
