0 99
100 4950
0 1 10
0 2 12
0 3 2
0 4 13
0 5 11
0 6 14
0 7 1
0 8 6
0 9 6
0 10 10
0 11 4
0 12 3
0 13 5
0 14 4
0 15 1
0 16 8
0 17 7
0 18 11
0 19 15
0 20 5
0 21 9
0 22 14
0 23 8
0 24 15
0 25 7
0 26 7
0 27 4
0 28 2
0 29 6
0 30 2
0 31 9
0 32 13
0 33 15
0 34 1
0 35 4
0 36 8
0 37 6
0 38 2
0 39 15
0 40 5
0 41 13
0 42 9
0 43 5
0 44 10
0 45 7
0 46 8
0 47 14
0 48 9
0 49 6
0 50 11
0 51 2
0 52 11
0 53 8
0 54 8
0 55 6
0 56 2
0 57 8
0 58 2
0 59 8
0 60 2
0 61 2
0 62 3
0 63 12
0 64 12
0 65 14
0 66 10
0 67 15
0 68 10
0 69 12
0 70 4
0 71 7
0 72 14
0 73 4
0 74 13
0 75 2
0 76 8
0 77 3
0 78 3
0 79 10
0 80 1
0 81 10
0 82 8
0 83 4
0 84 15
0 85 11
0 86 10
0 87 11
0 88 10
0 89 5
0 90 11
0 91 3
0 92 6
0 93 13
0 94 10
0 95 5
0 96 14
0 97 14
0 98 12
0 99 8
1 2 9
1 3 9
1 4 14
1 5 10
1 6 13
1 7 13
1 8 12
1 9 1
1 10 8
1 11 10
1 12 13
1 13 13
1 14 13
1 15 5
1 16 14
1 17 11
1 18 6
1 19 1
1 20 13
1 21 13
1 22 3
1 23 11
1 24 11
1 25 6
1 26 14
1 27 10
1 28 8
1 29 14
1 30 5
1 31 6
1 32 6
1 33 5
1 34 14
1 35 6
1 36 2
1 37 13
1 38 1
1 39 12
1 40 13
1 41 4
1 42 8
1 43 10
1 44 13
1 45 8
1 46 9
1 47 2
1 48 3
1 49 15
1 50 4
1 51 14
1 52 14
1 53 10
1 54 1
1 55 15
1 56 5
1 57 15
1 58 10
1 59 9
1 60 1
1 61 4
1 62 11
1 63 9
1 64 7
1 65 6
1 66 13
1 67 14
1 68 4
1 69 15
1 70 2
1 71 1
1 72 8
1 73 4
1 74 9
1 75 10
1 76 5
1 77 8
1 78 7
1 79 1
1 80 5
1 81 6
1 82 14
1 83 1
1 84 3
1 85 14
1 86 6
1 87 12
1 88 7
1 89 4
1 90 8
1 91 6
1 92 8
1 93 12
1 94 3
1 95 5
1 96 1
1 97 1
1 98 2
1 99 14
2 3 2
2 4 7
2 5 10
2 6 1
2 7 11
2 8 2
2 9 15
2 10 15
2 11 10
2 12 3
2 13 13
2 14 15
2 15 11
2 16 4
2 17 2
2 18 2
2 19 11
2 20 14
2 21 1
2 22 9
2 23 14
2 24 3
2 25 1
2 26 6
2 27 9
2 28 15
2 29 10
2 30 3
2 31 14
2 32 10
2 33 14
2 34 1
2 35 5
2 36 15
2 37 10
2 38 15
2 39 7
2 40 6
2 41 3
2 42 9
2 43 14
2 44 8
2 45 2
2 46 7
2 47 3
2 48 2
2 49 10
2 50 2
2 51 11
2 52 12
2 53 13
2 54 9
2 55 13
2 56 14
2 57 10
2 58 13
2 59 1
2 60 7
2 61 3
2 62 2
2 63 12
2 64 10
2 65 1
2 66 9
2 67 6
2 68 9
2 69 6
2 70 4
2 71 14
2 72 14
2 73 14
2 74 6
2 75 9
2 76 7
2 77 7
2 78 9
2 79 15
2 80 15
2 81 10
2 82 1
2 83 14
2 84 9
2 85 12
2 86 3
2 87 2
2 88 9
2 89 7
2 90 15
2 91 7
2 92 4
2 93 11
2 94 14
2 95 11
2 96 5
2 97 11
2 98 8
2 99 12
3 4 1
3 5 1
3 6 1
3 7 12
3 8 2
3 9 9
3 10 12
3 11 11
3 12 13
3 13 15
3 14 3
3 15 3
3 16 10
3 17 1
3 18 6
3 19 9
3 20 8
3 21 5
3 22 15
3 23 6
3 24 11
3 25 3
3 26 15
3 27 7
3 28 15
3 29 15
3 30 14
3 31 6
3 32 2
3 33 6
3 34 1
3 35 14
3 36 15
3 37 13
3 38 15
3 39 13
3 40 7
3 41 14
3 42 7
3 43 8
3 44 7
3 45 6
3 46 8
3 47 12
3 48 3
3 49 10
3 50 7
3 51 15
3 52 12
3 53 7
3 54 13
3 55 4
3 56 12
3 57 14
3 58 9
3 59 10
3 60 4
3 61 8
3 62 3
3 63 15
3 64 12
3 65 4
3 66 14
3 67 14
3 68 3
3 69 8
3 70 15
3 71 2
3 72 3
3 73 5
3 74 3
3 75 8
3 76 1
3 77 14
3 78 4
3 79 1
3 80 11
3 81 13
3 82 7
3 83 2
3 84 2
3 85 3
3 86 15
3 87 12
3 88 14
3 89 1
3 90 15
3 91 8
3 92 1
3 93 11
3 94 2
3 95 13
3 96 4
3 97 4
3 98 7
3 99 1
4 5 13
4 6 8
4 7 2
4 8 1
4 9 2
4 10 13
4 11 15
4 12 8
4 13 1
4 14 8
4 15 8
4 16 11
4 17 9
4 18 11
4 19 12
4 20 4
4 21 10
4 22 2
4 23 3
4 24 13
4 25 8
4 26 6
4 27 13
4 28 1
4 29 3
4 30 10
4 31 10
4 32 6
4 33 9
4 34 6
4 35 3
4 36 13
4 37 3
4 38 5
4 39 7
4 40 5
4 41 8
4 42 14
4 43 9
4 44 12
4 45 4
4 46 4
4 47 10
4 48 9
4 49 1
4 50 2
4 51 7
4 52 13
4 53 5
4 54 2
4 55 5
4 56 8
4 57 1
4 58 8
4 59 6
4 60 4
4 61 13
4 62 6
4 63 3
4 64 9
4 65 1
4 66 9
4 67 9
4 68 5
4 69 7
4 70 2
4 71 13
4 72 7
4 73 8
4 74 5
4 75 4
4 76 11
4 77 10
4 78 15
4 79 13
4 80 5
4 81 15
4 82 14
4 83 7
4 84 4
4 85 3
4 86 1
4 87 6
4 88 15
4 89 10
4 90 3
4 91 2
4 92 13
4 93 2
4 94 9
4 95 8
4 96 11
4 97 14
4 98 4
4 99 11
5 6 1
5 7 2
5 8 12
5 9 13
5 10 2
5 11 2
5 12 11
5 13 8
5 14 9
5 15 15
5 16 6
5 17 5
5 18 9
5 19 2
5 20 2
5 21 10
5 22 4
5 23 1
5 24 6
5 25 5
5 26 12
5 27 10
5 28 11
5 29 3
5 30 11
5 31 9
5 32 9
5 33 4
5 34 12
5 35 11
5 36 5
5 37 2
5 38 5
5 39 5
5 40 7
5 41 2
5 42 10
5 43 11
5 44 13
5 45 7
5 46 11
5 47 9
5 48 8
5 49 15
5 50 14
5 51 8
5 52 12
5 53 1
5 54 15
5 55 15
5 56 14
5 57 7
5 58 13
5 59 4
5 60 2
5 61 8
5 62 4
5 63 14
5 64 7
5 65 3
5 66 14
5 67 10
5 68 10
5 69 4
5 70 5
5 71 10
5 72 1
5 73 10
5 74 12
5 75 14
5 76 15
5 77 9
5 78 14
5 79 4
5 80 13
5 81 10
5 82 2
5 83 6
5 84 8
5 85 7
5 86 10
5 87 5
5 88 15
5 89 7
5 90 4
5 91 10
5 92 2
5 93 8
5 94 12
5 95 6
5 96 7
5 97 15
5 98 10
5 99 12
6 7 9
6 8 5
6 9 10
6 10 8
6 11 11
6 12 1
6 13 12
6 14 11
6 15 5
6 16 7
6 17 8
6 18 11
6 19 4
6 20 13
6 21 13
6 22 5
6 23 6
6 24 12
6 25 14
6 26 13
6 27 1
6 28 2
6 29 14
6 30 5
6 31 15
6 32 4
6 33 9
6 34 11
6 35 12
6 36 12
6 37 4
6 38 15
6 39 15
6 40 1
6 41 3
6 42 9
6 43 9
6 44 5
6 45 8
6 46 10
6 47 2
6 48 4
6 49 6
6 50 4
6 51 4
6 52 5
6 53 14
6 54 11
6 55 7
6 56 15
6 57 5
6 58 2
6 59 12
6 60 10
6 61 10
6 62 2
6 63 10
6 64 14
6 65 4
6 66 3
6 67 11
6 68 13
6 69 4
6 70 12
6 71 13
6 72 1
6 73 6
6 74 8
6 75 4
6 76 12
6 77 8
6 78 9
6 79 7
6 80 4
6 81 1
6 82 2
6 83 4
6 84 5
6 85 5
6 86 11
6 87 14
6 88 1
6 89 11
6 90 3
6 91 10
6 92 1
6 93 4
6 94 2
6 95 9
6 96 5
6 97 12
6 98 5
6 99 8
7 8 6
7 9 3
7 10 6
7 11 1
7 12 6
7 13 9
7 14 1
7 15 13
7 16 1
7 17 12
7 18 2
7 19 9
7 20 13
7 21 6
7 22 12
7 23 1
7 24 7
7 25 2
7 26 3
7 27 7
7 28 2
7 29 1
7 30 3
7 31 4
7 32 15
7 33 9
7 34 9
7 35 8
7 36 10
7 37 1
7 38 2
7 39 8
7 40 2
7 41 2
7 42 8
7 43 11
7 44 11
7 45 2
7 46 10
7 47 15
7 48 9
7 49 11
7 50 15
7 51 10
7 52 11
7 53 8
7 54 13
7 55 5
7 56 1
7 57 2
7 58 9
7 59 4
7 60 6
7 61 4
7 62 1
7 63 15
7 64 10
7 65 8
7 66 3
7 67 8
7 68 8
7 69 9
7 70 12
7 71 15
7 72 13
7 73 7
7 74 1
7 75 6
7 76 3
7 77 11
7 78 13
7 79 5
7 80 1
7 81 10
7 82 8
7 83 2
7 84 4
7 85 14
7 86 14
7 87 6
7 88 1
7 89 15
7 90 11
7 91 2
7 92 12
7 93 14
7 94 8
7 95 10
7 96 14
7 97 10
7 98 2
7 99 12
8 9 13
8 10 2
8 11 9
8 12 7
8 13 13
8 14 9
8 15 6
8 16 4
8 17 7
8 18 13
8 19 11
8 20 1
8 21 10
8 22 5
8 23 14
8 24 12
8 25 8
8 26 10
8 27 14
8 28 11
8 29 3
8 30 15
8 31 13
8 32 4
8 33 15
8 34 4
8 35 13
8 36 8
8 37 10
8 38 5
8 39 9
8 40 7
8 41 10
8 42 13
8 43 7
8 44 3
8 45 8
8 46 15
8 47 13
8 48 14
8 49 13
8 50 10
8 51 13
8 52 14
8 53 9
8 54 12
8 55 6
8 56 5
8 57 14
8 58 7
8 59 14
8 60 3
8 61 1
8 62 7
8 63 1
8 64 2
8 65 15
8 66 6
8 67 1
8 68 3
8 69 15
8 70 3
8 71 12
8 72 1
8 73 4
8 74 7
8 75 2
8 76 1
8 77 15
8 78 4
8 79 1
8 80 8
8 81 9
8 82 5
8 83 13
8 84 5
8 85 7
8 86 9
8 87 10
8 88 5
8 89 1
8 90 4
8 91 8
8 92 11
8 93 10
8 94 9
8 95 5
8 96 2
8 97 13
8 98 3
8 99 7
9 10 5
9 11 2
9 12 7
9 13 1
9 14 10
9 15 6
9 16 6
9 17 14
9 18 4
9 19 15
9 20 7
9 21 9
9 22 12
9 23 14
9 24 1
9 25 5
9 26 10
9 27 4
9 28 6
9 29 13
9 30 6
9 31 7
9 32 6
9 33 13
9 34 3
9 35 5
9 36 10
9 37 4
9 38 11
9 39 9
9 40 11
9 41 15
9 42 14
9 43 1
9 44 10
9 45 10
9 46 11
9 47 6
9 48 5
9 49 2
9 50 12
9 51 15
9 52 4
9 53 3
9 54 15
9 55 4
9 56 13
9 57 13
9 58 15
9 59 4
9 60 14
9 61 14
9 62 2
9 63 6
9 64 6
9 65 4
9 66 15
9 67 1
9 68 1
9 69 8
9 70 15
9 71 15
9 72 11
9 73 1
9 74 1
9 75 14
9 76 6
9 77 8
9 78 3
9 79 14
9 80 5
9 81 11
9 82 13
9 83 1
9 84 9
9 85 5
9 86 4
9 87 15
9 88 6
9 89 7
9 90 7
9 91 11
9 92 8
9 93 1
9 94 2
9 95 10
9 96 6
9 97 2
9 98 6
9 99 11
10 11 10
10 12 10
10 13 15
10 14 7
10 15 4
10 16 6
10 17 15
10 18 5
10 19 6
10 20 4
10 21 6
10 22 14
10 23 13
10 24 5
10 25 14
10 26 13
10 27 14
10 28 12
10 29 9
10 30 3
10 31 3
10 32 4
10 33 5
10 34 10
10 35 13
10 36 10
10 37 13
10 38 1
10 39 8
10 40 11
10 41 2
10 42 8
10 43 15
10 44 7
10 45 12
10 46 9
10 47 11
10 48 13
10 49 8
10 50 11
10 51 8
10 52 3
10 53 9
10 54 3
10 55 4
10 56 13
10 57 15
10 58 8
10 59 1
10 60 15
10 61 14
10 62 6
10 63 14
10 64 6
10 65 6
10 66 15
10 67 3
10 68 8
10 69 11
10 70 13
10 71 9
10 72 15
10 73 12
10 74 4
10 75 4
10 76 3
10 77 3
10 78 8
10 79 3
10 80 9
10 81 6
10 82 13
10 83 12
10 84 1
10 85 9
10 86 8
10 87 8
10 88 14
10 89 14
10 90 15
10 91 4
10 92 8
10 93 4
10 94 14
10 95 7
10 96 1
10 97 7
10 98 3
10 99 2
11 12 4
11 13 10
11 14 2
11 15 3
11 16 3
11 17 12
11 18 14
11 19 10
11 20 12
11 21 6
11 22 11
11 23 7
11 24 13
11 25 13
11 26 10
11 27 10
11 28 2
11 29 6
11 30 15
11 31 13
11 32 3
11 33 12
11 34 8
11 35 7
11 36 2
11 37 13
11 38 6
11 39 12
11 40 2
11 41 12
11 42 11
11 43 3
11 44 1
11 45 15
11 46 11
11 47 5
11 48 10
11 49 5
11 50 4
11 51 13
11 52 10
11 53 4
11 54 12
11 55 8
11 56 2
11 57 12
11 58 14
11 59 4
11 60 8
11 61 10
11 62 4
11 63 15
11 64 14
11 65 8
11 66 11
11 67 7
11 68 4
11 69 10
11 70 10
11 71 15
11 72 4
11 73 7
11 74 2
11 75 15
11 76 14
11 77 11
11 78 1
11 79 2
11 80 5
11 81 13
11 82 15
11 83 10
11 84 1
11 85 4
11 86 10
11 87 1
11 88 6
11 89 6
11 90 4
11 91 11
11 92 12
11 93 1
11 94 4
11 95 3
11 96 8
11 97 12
11 98 7
11 99 2
12 13 15
12 14 15
12 15 9
12 16 2
12 17 7
12 18 14
12 19 11
12 20 9
12 21 8
12 22 12
12 23 12
12 24 5
12 25 3
12 26 8
12 27 4
12 28 8
12 29 5
12 30 14
12 31 8
12 32 7
12 33 15
12 34 5
12 35 5
12 36 14
12 37 5
12 38 10
12 39 2
12 40 3
12 41 2
12 42 9
12 43 10
12 44 7
12 45 1
12 46 14
12 47 6
12 48 7
12 49 14
12 50 7
12 51 5
12 52 4
12 53 7
12 54 12
12 55 13
12 56 5
12 57 8
12 58 2
12 59 14
12 60 8
12 61 10
12 62 12
12 63 4
12 64 4
12 65 5
12 66 10
12 67 11
12 68 10
12 69 6
12 70 10
12 71 14
12 72 3
12 73 4
12 74 3
12 75 6
12 76 5
12 77 5
12 78 1
12 79 3
12 80 2
12 81 7
12 82 8
12 83 5
12 84 3
12 85 12
12 86 7
12 87 10
12 88 10
12 89 9
12 90 1
12 91 12
12 92 15
12 93 4
12 94 1
12 95 12
12 96 2
12 97 10
12 98 8
12 99 12
13 14 11
13 15 14
13 16 3
13 17 11
13 18 8
13 19 9
13 20 6
13 21 7
13 22 15
13 23 7
13 24 10
13 25 5
13 26 7
13 27 5
13 28 10
13 29 4
13 30 7
13 31 4
13 32 10
13 33 14
13 34 11
13 35 11
13 36 9
13 37 4
13 38 15
13 39 13
13 40 8
13 41 8
13 42 9
13 43 15
13 44 6
13 45 10
13 46 13
13 47 15
13 48 4
13 49 2
13 50 12
13 51 15
13 52 3
13 53 3
13 54 6
13 55 11
13 56 10
13 57 4
13 58 2
13 59 10
13 60 14
13 61 1
13 62 15
13 63 11
13 64 15
13 65 10
13 66 6
13 67 14
13 68 3
13 69 15
13 70 14
13 71 2
13 72 15
13 73 7
13 74 2
13 75 6
13 76 4
13 77 12
13 78 8
13 79 14
13 80 13
13 81 12
13 82 2
13 83 5
13 84 6
13 85 11
13 86 4
13 87 9
13 88 14
13 89 8
13 90 6
13 91 1
13 92 9
13 93 15
13 94 14
13 95 6
13 96 1
13 97 2
13 98 4
13 99 12
14 15 13
14 16 12
14 17 11
14 18 10
14 19 12
14 20 15
14 21 5
14 22 7
14 23 13
14 24 1
14 25 8
14 26 4
14 27 10
14 28 12
14 29 2
14 30 5
14 31 11
14 32 8
14 33 10
14 34 8
14 35 13
14 36 9
14 37 9
14 38 13
14 39 6
14 40 4
14 41 3
14 42 3
14 43 14
14 44 3
14 45 9
14 46 6
14 47 14
14 48 6
14 49 15
14 50 3
14 51 6
14 52 5
14 53 4
14 54 11
14 55 12
14 56 3
14 57 2
14 58 6
14 59 3
14 60 13
14 61 12
14 62 2
14 63 12
14 64 14
14 65 9
14 66 6
14 67 12
14 68 6
14 69 4
14 70 2
14 71 11
14 72 5
14 73 10
14 74 3
14 75 14
14 76 2
14 77 15
14 78 12
14 79 9
14 80 10
14 81 11
14 82 13
14 83 15
14 84 3
14 85 5
14 86 15
14 87 1
14 88 8
14 89 15
14 90 1
14 91 7
14 92 15
14 93 4
14 94 12
14 95 10
14 96 14
14 97 8
14 98 8
14 99 1
15 16 6
15 17 13
15 18 4
15 19 9
15 20 15
15 21 12
15 22 5
15 23 9
15 24 4
15 25 1
15 26 5
15 27 6
15 28 13
15 29 10
15 30 14
15 31 10
15 32 7
15 33 3
15 34 10
15 35 3
15 36 6
15 37 8
15 38 12
15 39 13
15 40 11
15 41 5
15 42 13
15 43 3
15 44 15
15 45 6
15 46 9
15 47 15
15 48 13
15 49 13
15 50 8
15 51 1
15 52 9
15 53 9
15 54 15
15 55 11
15 56 10
15 57 3
15 58 6
15 59 4
15 60 3
15 61 12
15 62 9
15 63 1
15 64 8
15 65 5
15 66 6
15 67 7
15 68 9
15 69 4
15 70 5
15 71 10
15 72 8
15 73 3
15 74 5
15 75 9
15 76 6
15 77 11
15 78 6
15 79 5
15 80 4
15 81 5
15 82 15
15 83 4
15 84 9
15 85 15
15 86 12
15 87 11
15 88 8
15 89 3
15 90 15
15 91 4
15 92 5
15 93 10
15 94 7
15 95 7
15 96 9
15 97 3
15 98 7
15 99 4
16 17 8
16 18 5
16 19 3
16 20 4
16 21 7
16 22 3
16 23 10
16 24 8
16 25 1
16 26 3
16 27 12
16 28 4
16 29 12
16 30 4
16 31 14
16 32 12
16 33 2
16 34 7
16 35 4
16 36 8
16 37 5
16 38 7
16 39 13
16 40 3
16 41 2
16 42 4
16 43 4
16 44 9
16 45 8
16 46 5
16 47 3
16 48 6
16 49 11
16 50 15
16 51 14
16 52 9
16 53 12
16 54 10
16 55 13
16 56 8
16 57 2
16 58 3
16 59 7
16 60 10
16 61 7
16 62 2
16 63 15
16 64 3
16 65 13
16 66 2
16 67 6
16 68 10
16 69 11
16 70 13
16 71 14
16 72 14
16 73 3
16 74 13
16 75 2
16 76 7
16 77 5
16 78 11
16 79 5
16 80 13
16 81 2
16 82 13
16 83 13
16 84 12
16 85 11
16 86 7
16 87 12
16 88 5
16 89 11
16 90 8
16 91 2
16 92 1
16 93 7
16 94 5
16 95 14
16 96 11
16 97 2
16 98 14
16 99 5
17 18 13
17 19 12
17 20 6
17 21 11
17 22 1
17 23 1
17 24 3
17 25 7
17 26 13
17 27 11
17 28 10
17 29 8
17 30 10
17 31 13
17 32 7
17 33 10
17 34 9
17 35 9
17 36 4
17 37 6
17 38 10
17 39 3
17 40 6
17 41 8
17 42 8
17 43 10
17 44 4
17 45 14
17 46 6
17 47 11
17 48 2
17 49 7
17 50 5
17 51 4
17 52 1
17 53 2
17 54 3
17 55 13
17 56 11
17 57 14
17 58 2
17 59 11
17 60 11
17 61 10
17 62 15
17 63 6
17 64 11
17 65 4
17 66 14
17 67 10
17 68 13
17 69 13
17 70 9
17 71 14
17 72 14
17 73 1
17 74 11
17 75 5
17 76 11
17 77 13
17 78 3
17 79 14
17 80 15
17 81 15
17 82 9
17 83 10
17 84 15
17 85 7
17 86 9
17 87 11
17 88 5
17 89 6
17 90 12
17 91 6
17 92 3
17 93 6
17 94 13
17 95 5
17 96 14
17 97 14
17 98 8
17 99 1
18 19 14
18 20 1
18 21 14
18 22 14
18 23 8
18 24 6
18 25 14
18 26 12
18 27 12
18 28 4
18 29 13
18 30 10
18 31 15
18 32 7
18 33 7
18 34 1
18 35 7
18 36 2
18 37 4
18 38 7
18 39 15
18 40 4
18 41 14
18 42 8
18 43 14
18 44 3
18 45 12
18 46 6
18 47 10
18 48 9
18 49 15
18 50 12
18 51 11
18 52 14
18 53 13
18 54 5
18 55 11
18 56 1
18 57 9
18 58 8
18 59 4
18 60 12
18 61 9
18 62 2
18 63 15
18 64 14
18 65 13
18 66 5
18 67 13
18 68 9
18 69 10
18 70 9
18 71 12
18 72 2
18 73 14
18 74 12
18 75 10
18 76 10
18 77 13
18 78 3
18 79 6
18 80 7
18 81 3
18 82 14
18 83 4
18 84 3
18 85 4
18 86 13
18 87 8
18 88 2
18 89 4
18 90 13
18 91 7
18 92 12
18 93 9
18 94 4
18 95 11
18 96 6
18 97 15
18 98 7
18 99 12
19 20 9
19 21 13
19 22 5
19 23 9
19 24 4
19 25 4
19 26 3
19 27 9
19 28 2
19 29 9
19 30 5
19 31 13
19 32 13
19 33 7
19 34 13
19 35 2
19 36 6
19 37 5
19 38 5
19 39 15
19 40 3
19 41 11
19 42 13
19 43 12
19 44 13
19 45 6
19 46 2
19 47 1
19 48 7
19 49 12
19 50 10
19 51 4
19 52 3
19 53 7
19 54 5
19 55 2
19 56 13
19 57 6
19 58 8
19 59 1
19 60 11
19 61 11
19 62 13
19 63 13
19 64 13
19 65 9
19 66 14
19 67 8
19 68 3
19 69 1
19 70 14
19 71 12
19 72 15
19 73 3
19 74 14
19 75 5
19 76 9
19 77 3
19 78 14
19 79 2
19 80 11
19 81 10
19 82 12
19 83 5
19 84 2
19 85 9
19 86 11
19 87 7
19 88 5
19 89 12
19 90 11
19 91 15
19 92 13
19 93 13
19 94 7
19 95 11
19 96 9
19 97 2
19 98 11
19 99 14
20 21 12
20 22 14
20 23 10
20 24 5
20 25 4
20 26 7
20 27 12
20 28 5
20 29 15
20 30 7
20 31 5
20 32 4
20 33 10
20 34 10
20 35 15
20 36 12
20 37 12
20 38 11
20 39 14
20 40 14
20 41 12
20 42 11
20 43 13
20 44 14
20 45 9
20 46 11
20 47 4
20 48 10
20 49 10
20 50 4
20 51 1
20 52 1
20 53 15
20 54 4
20 55 11
20 56 5
20 57 12
20 58 14
20 59 3
20 60 13
20 61 15
20 62 12
20 63 5
20 64 8
20 65 13
20 66 2
20 67 14
20 68 8
20 69 15
20 70 12
20 71 4
20 72 5
20 73 1
20 74 11
20 75 15
20 76 6
20 77 15
20 78 10
20 79 11
20 80 13
20 81 15
20 82 5
20 83 8
20 84 4
20 85 1
20 86 4
20 87 1
20 88 5
20 89 14
20 90 11
20 91 8
20 92 14
20 93 3
20 94 9
20 95 2
20 96 8
20 97 1
20 98 2
20 99 15
21 22 13
21 23 7
21 24 10
21 25 14
21 26 6
21 27 12
21 28 5
21 29 11
21 30 15
21 31 10
21 32 5
21 33 7
21 34 8
21 35 13
21 36 15
21 37 6
21 38 1
21 39 1
21 40 11
21 41 10
21 42 9
21 43 4
21 44 13
21 45 11
21 46 12
21 47 12
21 48 10
21 49 8
21 50 14
21 51 7
21 52 1
21 53 1
21 54 7
21 55 6
21 56 6
21 57 14
21 58 1
21 59 4
21 60 10
21 61 9
21 62 12
21 63 9
21 64 14
21 65 3
21 66 6
21 67 5
21 68 12
21 69 13
21 70 7
21 71 2
21 72 13
21 73 14
21 74 13
21 75 1
21 76 3
21 77 14
21 78 8
21 79 11
21 80 4
21 81 11
21 82 4
21 83 15
21 84 12
21 85 15
21 86 10
21 87 7
21 88 4
21 89 13
21 90 15
21 91 8
21 92 4
21 93 13
21 94 3
21 95 10
21 96 5
21 97 15
21 98 5
21 99 5
22 23 7
22 24 2
22 25 10
22 26 4
22 27 9
22 28 6
22 29 5
22 30 4
22 31 13
22 32 1
22 33 1
22 34 3
22 35 3
22 36 3
22 37 8
22 38 4
22 39 2
22 40 9
22 41 7
22 42 10
22 43 1
22 44 4
22 45 14
22 46 13
22 47 6
22 48 12
22 49 11
22 50 5
22 51 1
22 52 7
22 53 12
22 54 13
22 55 14
22 56 4
22 57 11
22 58 13
22 59 15
22 60 10
22 61 15
22 62 6
22 63 2
22 64 10
22 65 7
22 66 12
22 67 6
22 68 14
22 69 3
22 70 1
22 71 10
22 72 5
22 73 1
22 74 12
22 75 4
22 76 14
22 77 8
22 78 10
22 79 12
22 80 5
22 81 5
22 82 14
22 83 15
22 84 13
22 85 8
22 86 4
22 87 7
22 88 3
22 89 4
22 90 13
22 91 13
22 92 5
22 93 4
22 94 13
22 95 11
22 96 13
22 97 9
22 98 4
22 99 3
23 24 8
23 25 1
23 26 3
23 27 9
23 28 8
23 29 12
23 30 11
23 31 14
23 32 15
23 33 8
23 34 1
23 35 4
23 36 11
23 37 1
23 38 8
23 39 15
23 40 10
23 41 12
23 42 10
23 43 2
23 44 5
23 45 13
23 46 12
23 47 14
23 48 7
23 49 15
23 50 4
23 51 12
23 52 13
23 53 9
23 54 3
23 55 2
23 56 8
23 57 8
23 58 8
23 59 5
23 60 4
23 61 5
23 62 2
23 63 3
23 64 12
23 65 9
23 66 2
23 67 4
23 68 10
23 69 10
23 70 12
23 71 7
23 72 15
23 73 15
23 74 2
23 75 10
23 76 6
23 77 3
23 78 6
23 79 12
23 80 4
23 81 13
23 82 6
23 83 4
23 84 14
23 85 9
23 86 14
23 87 14
23 88 15
23 89 8
23 90 2
23 91 2
23 92 12
23 93 9
23 94 3
23 95 7
23 96 13
23 97 8
23 98 12
23 99 4
24 25 14
24 26 8
24 27 12
24 28 14
24 29 14
24 30 5
24 31 4
24 32 5
24 33 10
24 34 6
24 35 2
24 36 2
24 37 7
24 38 14
24 39 7
24 40 3
24 41 5
24 42 10
24 43 15
24 44 10
24 45 2
24 46 3
24 47 12
24 48 13
24 49 9
24 50 14
24 51 2
24 52 8
24 53 2
24 54 4
24 55 12
24 56 13
24 57 15
24 58 5
24 59 11
24 60 5
24 61 5
24 62 9
24 63 13
24 64 11
24 65 11
24 66 5
24 67 1
24 68 14
24 69 11
24 70 7
24 71 14
24 72 8
24 73 11
24 74 6
24 75 14
24 76 5
24 77 12
24 78 3
24 79 6
24 80 5
24 81 8
24 82 8
24 83 4
24 84 10
24 85 15
24 86 8
24 87 10
24 88 15
24 89 10
24 90 5
24 91 6
24 92 2
24 93 10
24 94 2
24 95 9
24 96 5
24 97 10
24 98 10
24 99 9
25 26 1
25 27 12
25 28 10
25 29 9
25 30 11
25 31 7
25 32 12
25 33 15
25 34 9
25 35 11
25 36 14
25 37 6
25 38 11
25 39 8
25 40 1
25 41 3
25 42 5
25 43 9
25 44 4
25 45 10
25 46 4
25 47 14
25 48 14
25 49 10
25 50 12
25 51 6
25 52 7
25 53 5
25 54 2
25 55 1
25 56 11
25 57 4
25 58 12
25 59 11
25 60 10
25 61 13
25 62 15
25 63 6
25 64 4
25 65 6
25 66 10
25 67 4
25 68 13
25 69 15
25 70 1
25 71 7
25 72 13
25 73 6
25 74 4
25 75 9
25 76 15
25 77 1
25 78 6
25 79 12
25 80 7
25 81 10
25 82 9
25 83 7
25 84 13
25 85 13
25 86 6
25 87 5
25 88 1
25 89 11
25 90 15
25 91 3
25 92 7
25 93 12
25 94 4
25 95 13
25 96 8
25 97 6
25 98 7
25 99 10
26 27 15
26 28 1
26 29 9
26 30 15
26 31 8
26 32 9
26 33 15
26 34 13
26 35 13
26 36 11
26 37 7
26 38 7
26 39 1
26 40 4
26 41 2
26 42 4
26 43 5
26 44 12
26 45 14
26 46 2
26 47 15
26 48 12
26 49 7
26 50 14
26 51 5
26 52 14
26 53 7
26 54 1
26 55 6
26 56 8
26 57 13
26 58 8
26 59 12
26 60 12
26 61 7
26 62 12
26 63 8
26 64 4
26 65 1
26 66 6
26 67 12
26 68 7
26 69 2
26 70 3
26 71 7
26 72 2
26 73 12
26 74 7
26 75 6
26 76 14
26 77 7
26 78 9
26 79 14
26 80 8
26 81 15
26 82 5
26 83 11
26 84 11
26 85 1
26 86 10
26 87 5
26 88 8
26 89 12
26 90 5
26 91 6
26 92 10
26 93 5
26 94 8
26 95 2
26 96 12
26 97 3
26 98 14
26 99 10
27 28 8
27 29 5
27 30 11
27 31 9
27 32 1
27 33 7
27 34 9
27 35 1
27 36 13
27 37 11
27 38 2
27 39 10
27 40 8
27 41 15
27 42 4
27 43 14
27 44 15
27 45 10
27 46 6
27 47 1
27 48 7
27 49 15
27 50 7
27 51 13
27 52 14
27 53 1
27 54 9
27 55 13
27 56 13
27 57 5
27 58 4
27 59 4
27 60 12
27 61 2
27 62 9
27 63 7
27 64 12
27 65 10
27 66 7
27 67 14
27 68 7
27 69 9
27 70 3
27 71 8
27 72 9
27 73 8
27 74 8
27 75 7
27 76 6
27 77 9
27 78 5
27 79 11
27 80 15
27 81 6
27 82 11
27 83 2
27 84 9
27 85 1
27 86 10
27 87 11
27 88 8
27 89 2
27 90 15
27 91 13
27 92 5
27 93 4
27 94 7
27 95 3
27 96 12
27 97 2
27 98 5
27 99 3
28 29 10
28 30 13
28 31 8
28 32 4
28 33 8
28 34 10
28 35 3
28 36 5
28 37 2
28 38 14
28 39 7
28 40 4
28 41 6
28 42 7
28 43 4
28 44 9
28 45 9
28 46 10
28 47 8
28 48 2
28 49 1
28 50 4
28 51 1
28 52 15
28 53 4
28 54 2
28 55 11
28 56 13
28 57 15
28 58 13
28 59 12
28 60 3
28 61 5
28 62 9
28 63 5
28 64 11
28 65 15
28 66 10
28 67 7
28 68 11
28 69 3
28 70 12
28 71 14
28 72 11
28 73 7
28 74 6
28 75 6
28 76 10
28 77 1
28 78 6
28 79 5
28 80 9
28 81 7
28 82 3
28 83 10
28 84 9
28 85 14
28 86 4
28 87 15
28 88 11
28 89 6
28 90 4
28 91 5
28 92 14
28 93 13
28 94 2
28 95 1
28 96 2
28 97 4
28 98 13
28 99 1
29 30 14
29 31 7
29 32 2
29 33 7
29 34 9
29 35 2
29 36 14
29 37 7
29 38 13
29 39 15
29 40 12
29 41 13
29 42 9
29 43 9
29 44 4
29 45 15
29 46 9
29 47 10
29 48 13
29 49 9
29 50 11
29 51 2
29 52 14
29 53 4
29 54 7
29 55 11
29 56 7
29 57 4
29 58 3
29 59 1
29 60 7
29 61 15
29 62 10
29 63 11
29 64 2
29 65 1
29 66 15
29 67 9
29 68 7
29 69 6
29 70 10
29 71 4
29 72 2
29 73 3
29 74 1
29 75 2
29 76 12
29 77 8
29 78 15
29 79 15
29 80 12
29 81 10
29 82 7
29 83 5
29 84 5
29 85 9
29 86 2
29 87 15
29 88 4
29 89 11
29 90 11
29 91 1
29 92 13
29 93 6
29 94 3
29 95 6
29 96 3
29 97 11
29 98 13
29 99 15
30 31 13
30 32 11
30 33 3
30 34 15
30 35 4
30 36 13
30 37 8
30 38 15
30 39 13
30 40 5
30 41 3
30 42 14
30 43 4
30 44 14
30 45 7
30 46 13
30 47 1
30 48 15
30 49 5
30 50 8
30 51 15
30 52 2
30 53 7
30 54 9
30 55 6
30 56 5
30 57 7
30 58 8
30 59 13
30 60 1
30 61 11
30 62 6
30 63 5
30 64 10
30 65 3
30 66 10
30 67 7
30 68 5
30 69 4
30 70 6
30 71 1
30 72 9
30 73 12
30 74 9
30 75 12
30 76 12
30 77 2
30 78 7
30 79 10
30 80 5
30 81 5
30 82 4
30 83 6
30 84 1
30 85 12
30 86 4
30 87 14
30 88 10
30 89 9
30 90 10
30 91 10
30 92 9
30 93 13
30 94 15
30 95 13
30 96 15
30 97 11
30 98 15
30 99 3
31 32 1
31 33 5
31 34 12
31 35 3
31 36 8
31 37 2
31 38 11
31 39 10
31 40 3
31 41 11
31 42 9
31 43 14
31 44 11
31 45 2
31 46 4
31 47 8
31 48 11
31 49 4
31 50 15
31 51 7
31 52 8
31 53 7
31 54 8
31 55 12
31 56 4
31 57 3
31 58 4
31 59 9
31 60 3
31 61 1
31 62 12
31 63 9
31 64 12
31 65 7
31 66 7
31 67 1
31 68 11
31 69 14
31 70 5
31 71 3
31 72 10
31 73 12
31 74 6
31 75 4
31 76 14
31 77 2
31 78 6
31 79 9
31 80 2
31 81 6
31 82 2
31 83 8
31 84 14
31 85 9
31 86 7
31 87 4
31 88 12
31 89 4
31 90 12
31 91 7
31 92 8
31 93 7
31 94 14
31 95 10
31 96 4
31 97 13
31 98 12
31 99 7
32 33 6
32 34 3
32 35 8
32 36 9
32 37 1
32 38 15
32 39 13
32 40 6
32 41 6
32 42 4
32 43 3
32 44 7
32 45 12
32 46 7
32 47 5
32 48 14
32 49 3
32 50 5
32 51 12
32 52 9
32 53 14
32 54 3
32 55 11
32 56 14
32 57 5
32 58 12
32 59 1
32 60 7
32 61 2
32 62 3
32 63 8
32 64 3
32 65 9
32 66 5
32 67 6
32 68 2
32 69 9
32 70 5
32 71 13
32 72 14
32 73 5
32 74 15
32 75 13
32 76 4
32 77 3
32 78 11
32 79 4
32 80 8
32 81 6
32 82 15
32 83 10
32 84 6
32 85 10
32 86 12
32 87 2
32 88 3
32 89 12
32 90 14
32 91 5
32 92 11
32 93 6
32 94 12
32 95 10
32 96 6
32 97 3
32 98 1
32 99 11
33 34 5
33 35 7
33 36 6
33 37 3
33 38 2
33 39 14
33 40 9
33 41 1
33 42 6
33 43 8
33 44 8
33 45 6
33 46 6
33 47 7
33 48 3
33 49 4
33 50 9
33 51 1
33 52 2
33 53 6
33 54 15
33 55 7
33 56 10
33 57 8
33 58 8
33 59 7
33 60 13
33 61 9
33 62 1
33 63 4
33 64 6
33 65 11
33 66 9
33 67 13
33 68 4
33 69 15
33 70 8
33 71 1
33 72 9
33 73 6
33 74 11
33 75 12
33 76 15
33 77 4
33 78 5
33 79 5
33 80 6
33 81 3
33 82 13
33 83 12
33 84 15
33 85 15
33 86 4
33 87 5
33 88 10
33 89 4
33 90 7
33 91 15
33 92 7
33 93 9
33 94 10
33 95 6
33 96 9
33 97 15
33 98 14
33 99 12
34 35 8
34 36 4
34 37 1
34 38 10
34 39 7
34 40 13
34 41 15
34 42 13
34 43 4
34 44 10
34 45 6
34 46 3
34 47 7
34 48 8
34 49 11
34 50 8
34 51 11
34 52 7
34 53 8
34 54 1
34 55 10
34 56 10
34 57 7
34 58 11
34 59 9
34 60 5
34 61 7
34 62 4
34 63 3
34 64 14
34 65 14
34 66 1
34 67 3
34 68 11
34 69 1
34 70 5
34 71 6
34 72 9
34 73 2
34 74 3
34 75 5
34 76 2
34 77 8
34 78 10
34 79 10
34 80 5
34 81 10
34 82 1
34 83 3
34 84 5
34 85 15
34 86 7
34 87 5
34 88 9
34 89 13
34 90 3
34 91 3
34 92 10
34 93 8
34 94 8
34 95 4
34 96 6
34 97 13
34 98 5
34 99 7
35 36 7
35 37 9
35 38 10
35 39 9
35 40 3
35 41 10
35 42 13
35 43 3
35 44 5
35 45 15
35 46 3
35 47 9
35 48 1
35 49 11
35 50 15
35 51 5
35 52 8
35 53 8
35 54 10
35 55 14
35 56 4
35 57 10
35 58 4
35 59 13
35 60 7
35 61 15
35 62 5
35 63 2
35 64 7
35 65 5
35 66 7
35 67 8
35 68 15
35 69 15
35 70 4
35 71 7
35 72 15
35 73 10
35 74 7
35 75 10
35 76 13
35 77 7
35 78 15
35 79 1
35 80 15
35 81 10
35 82 9
35 83 5
35 84 9
35 85 6
35 86 15
35 87 10
35 88 8
35 89 8
35 90 10
35 91 3
35 92 13
35 93 14
35 94 15
35 95 9
35 96 1
35 97 3
35 98 5
35 99 1
36 37 2
36 38 8
36 39 9
36 40 15
36 41 8
36 42 14
36 43 9
36 44 14
36 45 2
36 46 5
36 47 15
36 48 11
36 49 7
36 50 3
36 51 10
36 52 1
36 53 5
36 54 5
36 55 7
36 56 12
36 57 4
36 58 8
36 59 8
36 60 11
36 61 4
36 62 5
36 63 11
36 64 7
36 65 7
36 66 13
36 67 1
36 68 14
36 69 6
36 70 6
36 71 2
36 72 10
36 73 14
36 74 2
36 75 9
36 76 8
36 77 4
36 78 1
36 79 8
36 80 10
36 81 10
36 82 12
36 83 9
36 84 5
36 85 7
36 86 6
36 87 2
36 88 7
36 89 6
36 90 9
36 91 4
36 92 2
36 93 1
36 94 4
36 95 3
36 96 10
36 97 2
36 98 8
36 99 1
37 38 10
37 39 15
37 40 11
37 41 15
37 42 10
37 43 1
37 44 5
37 45 7
37 46 15
37 47 12
37 48 7
37 49 12
37 50 4
37 51 10
37 52 3
37 53 4
37 54 11
37 55 12
37 56 5
37 57 8
37 58 14
37 59 1
37 60 15
37 61 3
37 62 8
37 63 11
37 64 10
37 65 15
37 66 1
37 67 12
37 68 4
37 69 1
37 70 6
37 71 11
37 72 11
37 73 2
37 74 4
37 75 1
37 76 8
37 77 12
37 78 14
37 79 8
37 80 14
37 81 5
37 82 13
37 83 1
37 84 13
37 85 6
37 86 9
37 87 8
37 88 8
37 89 2
37 90 7
37 91 10
37 92 2
37 93 12
37 94 13
37 95 5
37 96 3
37 97 15
37 98 1
37 99 10
38 39 5
38 40 4
38 41 12
38 42 14
38 43 12
38 44 8
38 45 10
38 46 13
38 47 1
38 48 2
38 49 3
38 50 8
38 51 5
38 52 3
38 53 14
38 54 14
38 55 7
38 56 9
38 57 14
38 58 3
38 59 3
38 60 10
38 61 5
38 62 1
38 63 3
38 64 14
38 65 13
38 66 13
38 67 11
38 68 10
38 69 6
38 70 3
38 71 15
38 72 11
38 73 9
38 74 4
38 75 3
38 76 7
38 77 8
38 78 15
38 79 2
38 80 14
38 81 10
38 82 8
38 83 3
38 84 13
38 85 8
38 86 12
38 87 1
38 88 12
38 89 11
38 90 10
38 91 14
38 92 3
38 93 15
38 94 12
38 95 8
38 96 5
38 97 6
38 98 11
38 99 14
39 40 13
39 41 5
39 42 11
39 43 3
39 44 2
39 45 5
39 46 6
39 47 11
39 48 4
39 49 5
39 50 1
39 51 3
39 52 6
39 53 7
39 54 12
39 55 11
39 56 7
39 57 10
39 58 10
39 59 14
39 60 6
39 61 9
39 62 13
39 63 9
39 64 1
39 65 8
39 66 11
39 67 5
39 68 2
39 69 9
39 70 6
39 71 14
39 72 12
39 73 8
39 74 5
39 75 9
39 76 11
39 77 12
39 78 12
39 79 9
39 80 2
39 81 7
39 82 5
39 83 15
39 84 1
39 85 14
39 86 6
39 87 13
39 88 3
39 89 7
39 90 6
39 91 6
39 92 14
39 93 12
39 94 3
39 95 7
39 96 14
39 97 10
39 98 14
39 99 13
40 41 11
40 42 14
40 43 4
40 44 1
40 45 10
40 46 8
40 47 4
40 48 9
40 49 15
40 50 12
40 51 1
40 52 3
40 53 13
40 54 12
40 55 3
40 56 5
40 57 15
40 58 14
40 59 1
40 60 14
40 61 7
40 62 13
40 63 9
40 64 11
40 65 10
40 66 2
40 67 15
40 68 5
40 69 15
40 70 7
40 71 12
40 72 12
40 73 5
40 74 13
40 75 12
40 76 5
40 77 10
40 78 12
40 79 14
40 80 3
40 81 14
40 82 5
40 83 5
40 84 12
40 85 5
40 86 13
40 87 14
40 88 12
40 89 12
40 90 11
40 91 11
40 92 3
40 93 13
40 94 11
40 95 6
40 96 9
40 97 2
40 98 14
40 99 6
41 42 10
41 43 8
41 44 10
41 45 9
41 46 13
41 47 12
41 48 3
41 49 6
41 50 12
41 51 15
41 52 12
41 53 14
41 54 2
41 55 10
41 56 10
41 57 9
41 58 6
41 59 2
41 60 2
41 61 9
41 62 5
41 63 12
41 64 11
41 65 15
41 66 9
41 67 9
41 68 8
41 69 11
41 70 10
41 71 11
41 72 5
41 73 5
41 74 6
41 75 15
41 76 10
41 77 6
41 78 7
41 79 14
41 80 4
41 81 11
41 82 1
41 83 5
41 84 6
41 85 4
41 86 9
41 87 1
41 88 11
41 89 11
41 90 11
41 91 5
41 92 5
41 93 3
41 94 12
41 95 1
41 96 8
41 97 3
41 98 11
41 99 8
42 43 7
42 44 6
42 45 5
42 46 4
42 47 2
42 48 4
42 49 1
42 50 3
42 51 6
42 52 14
42 53 5
42 54 2
42 55 1
42 56 5
42 57 15
42 58 2
42 59 6
42 60 12
42 61 3
42 62 10
42 63 15
42 64 7
42 65 10
42 66 4
42 67 15
42 68 13
42 69 8
42 70 9
42 71 12
42 72 3
42 73 9
42 74 11
42 75 2
42 76 4
42 77 13
42 78 3
42 79 6
42 80 14
42 81 5
42 82 6
42 83 13
42 84 8
42 85 14
42 86 14
42 87 3
42 88 5
42 89 1
42 90 7
42 91 14
42 92 4
42 93 4
42 94 9
42 95 5
42 96 14
42 97 10
42 98 9
42 99 5
43 44 12
43 45 2
43 46 8
43 47 13
43 48 6
43 49 6
43 50 3
43 51 10
43 52 13
43 53 3
43 54 8
43 55 4
43 56 8
43 57 11
43 58 8
43 59 14
43 60 3
43 61 7
43 62 11
43 63 10
43 64 14
43 65 9
43 66 4
43 67 2
43 68 6
43 69 3
43 70 13
43 71 11
43 72 11
43 73 9
43 74 4
43 75 6
43 76 1
43 77 1
43 78 8
43 79 4
43 80 3
43 81 6
43 82 1
43 83 3
43 84 13
43 85 11
43 86 1
43 87 13
43 88 3
43 89 11
43 90 4
43 91 2
43 92 8
43 93 6
43 94 1
43 95 2
43 96 6
43 97 8
43 98 4
43 99 9
44 45 1
44 46 15
44 47 5
44 48 15
44 49 8
44 50 11
44 51 5
44 52 3
44 53 10
44 54 11
44 55 6
44 56 12
44 57 1
44 58 4
44 59 6
44 60 4
44 61 11
44 62 6
44 63 8
44 64 8
44 65 3
44 66 8
44 67 5
44 68 1
44 69 9
44 70 3
44 71 9
44 72 4
44 73 13
44 74 5
44 75 13
44 76 3
44 77 5
44 78 6
44 79 2
44 80 13
44 81 12
44 82 2
44 83 9
44 84 14
44 85 1
44 86 10
44 87 5
44 88 4
44 89 9
44 90 14
44 91 14
44 92 9
44 93 1
44 94 5
44 95 2
44 96 8
44 97 12
44 98 2
44 99 8
45 46 1
45 47 13
45 48 8
45 49 4
45 50 13
45 51 4
45 52 11
45 53 12
45 54 15
45 55 4
45 56 7
45 57 7
45 58 13
45 59 12
45 60 14
45 61 11
45 62 11
45 63 1
45 64 12
45 65 11
45 66 8
45 67 10
45 68 11
45 69 9
45 70 7
45 71 8
45 72 3
45 73 2
45 74 10
45 75 13
45 76 6
45 77 7
45 78 4
45 79 12
45 80 2
45 81 2
45 82 2
45 83 12
45 84 1
45 85 10
45 86 10
45 87 5
45 88 1
45 89 6
45 90 9
45 91 7
45 92 12
45 93 14
45 94 1
45 95 11
45 96 13
45 97 13
45 98 11
45 99 7
46 47 15
46 48 2
46 49 7
46 50 6
46 51 15
46 52 6
46 53 8
46 54 13
46 55 2
46 56 14
46 57 12
46 58 3
46 59 13
46 60 13
46 61 8
46 62 9
46 63 10
46 64 14
46 65 2
46 66 15
46 67 12
46 68 6
46 69 8
46 70 13
46 71 6
46 72 9
46 73 4
46 74 3
46 75 13
46 76 8
46 77 6
46 78 4
46 79 5
46 80 14
46 81 3
46 82 2
46 83 6
46 84 13
46 85 4
46 86 6
46 87 15
46 88 14
46 89 10
46 90 4
46 91 9
46 92 6
46 93 9
46 94 3
46 95 2
46 96 12
46 97 6
46 98 13
46 99 15
47 48 14
47 49 13
47 50 5
47 51 2
47 52 14
47 53 12
47 54 5
47 55 11
47 56 13
47 57 6
47 58 7
47 59 3
47 60 10
47 61 15
47 62 1
47 63 3
47 64 2
47 65 11
47 66 7
47 67 5
47 68 13
47 69 15
47 70 9
47 71 10
47 72 4
47 73 6
47 74 5
47 75 14
47 76 7
47 77 11
47 78 15
47 79 15
47 80 12
47 81 11
47 82 7
47 83 2
47 84 5
47 85 9
47 86 8
47 87 11
47 88 3
47 89 3
47 90 11
47 91 10
47 92 7
47 93 7
47 94 8
47 95 12
47 96 13
47 97 3
47 98 13
47 99 13
48 49 12
48 50 1
48 51 12
48 52 7
48 53 4
48 54 10
48 55 10
48 56 14
48 57 11
48 58 12
48 59 6
48 60 13
48 61 8
48 62 12
48 63 14
48 64 1
48 65 9
48 66 4
48 67 5
48 68 5
48 69 6
48 70 6
48 71 3
48 72 4
48 73 5
48 74 10
48 75 6
48 76 3
48 77 3
48 78 4
48 79 13
48 80 4
48 81 12
48 82 7
48 83 14
48 84 6
48 85 15
48 86 4
48 87 15
48 88 13
48 89 4
48 90 3
48 91 8
48 92 14
48 93 8
48 94 5
48 95 13
48 96 9
48 97 12
48 98 8
48 99 4
49 50 10
49 51 7
49 52 7
49 53 5
49 54 7
49 55 13
49 56 5
49 57 5
49 58 5
49 59 6
49 60 15
49 61 9
49 62 14
49 63 11
49 64 2
49 65 12
49 66 8
49 67 2
49 68 9
49 69 6
49 70 3
49 71 1
49 72 13
49 73 5
49 74 2
49 75 1
49 76 6
49 77 13
49 78 8
49 79 13
49 80 9
49 81 12
49 82 11
49 83 13
49 84 11
49 85 12
49 86 3
49 87 14
49 88 3
49 89 8
49 90 12
49 91 13
49 92 5
49 93 7
49 94 8
49 95 9
49 96 13
49 97 10
49 98 9
49 99 6
50 51 5
50 52 12
50 53 5
50 54 11
50 55 15
50 56 3
50 57 7
50 58 3
50 59 5
50 60 7
50 61 11
50 62 14
50 63 14
50 64 11
50 65 4
50 66 15
50 67 5
50 68 13
50 69 8
50 70 5
50 71 13
50 72 1
50 73 9
50 74 7
50 75 4
50 76 2
50 77 14
50 78 7
50 79 10
50 80 2
50 81 15
50 82 5
50 83 7
50 84 8
50 85 14
50 86 6
50 87 10
50 88 1
50 89 2
50 90 11
50 91 9
50 92 11
50 93 3
50 94 10
50 95 7
50 96 8
50 97 6
50 98 13
50 99 10
51 52 3
51 53 1
51 54 2
51 55 8
51 56 12
51 57 10
51 58 8
51 59 7
51 60 13
51 61 5
51 62 12
51 63 11
51 64 5
51 65 10
51 66 11
51 67 9
51 68 12
51 69 15
51 70 9
51 71 11
51 72 15
51 73 4
51 74 13
51 75 5
51 76 11
51 77 8
51 78 10
51 79 7
51 80 13
51 81 11
51 82 6
51 83 12
51 84 7
51 85 10
51 86 12
51 87 1
51 88 11
51 89 7
51 90 2
51 91 4
51 92 2
51 93 4
51 94 7
51 95 3
51 96 12
51 97 15
51 98 4
51 99 9
52 53 9
52 54 2
52 55 7
52 56 5
52 57 12
52 58 8
52 59 6
52 60 9
52 61 7
52 62 8
52 63 5
52 64 14
52 65 6
52 66 4
52 67 10
52 68 8
52 69 13
52 70 2
52 71 10
52 72 11
52 73 15
52 74 6
52 75 14
52 76 10
52 77 9
52 78 14
52 79 11
52 80 5
52 81 2
52 82 15
52 83 6
52 84 12
52 85 3
52 86 14
52 87 5
52 88 14
52 89 2
52 90 9
52 91 13
52 92 13
52 93 14
52 94 5
52 95 13
52 96 2
52 97 3
52 98 13
52 99 12
53 54 7
53 55 1
53 56 3
53 57 11
53 58 8
53 59 7
53 60 4
53 61 14
53 62 11
53 63 10
53 64 10
53 65 7
53 66 8
53 67 11
53 68 14
53 69 13
53 70 3
53 71 4
53 72 10
53 73 14
53 74 6
53 75 7
53 76 1
53 77 2
53 78 8
53 79 11
53 80 8
53 81 5
53 82 9
53 83 13
53 84 11
53 85 11
53 86 3
53 87 12
53 88 6
53 89 1
53 90 2
53 91 10
53 92 10
53 93 5
53 94 11
53 95 11
53 96 11
53 97 15
53 98 4
53 99 11
54 55 15
54 56 5
54 57 6
54 58 2
54 59 10
54 60 13
54 61 5
54 62 5
54 63 7
54 64 3
54 65 4
54 66 2
54 67 9
54 68 11
54 69 2
54 70 14
54 71 6
54 72 12
54 73 1
54 74 13
54 75 8
54 76 4
54 77 9
54 78 5
54 79 3
54 80 14
54 81 3
54 82 5
54 83 11
54 84 3
54 85 5
54 86 14
54 87 9
54 88 4
54 89 14
54 90 1
54 91 6
54 92 10
54 93 13
54 94 3
54 95 15
54 96 6
54 97 9
54 98 15
54 99 12
55 56 15
55 57 3
55 58 13
55 59 3
55 60 12
55 61 8
55 62 15
55 63 9
55 64 13
55 65 7
55 66 10
55 67 3
55 68 11
55 69 6
55 70 12
55 71 5
55 72 9
55 73 14
55 74 10
55 75 12
55 76 6
55 77 12
55 78 12
55 79 9
55 80 6
55 81 2
55 82 5
55 83 12
55 84 14
55 85 14
55 86 3
55 87 5
55 88 4
55 89 9
55 90 3
55 91 8
55 92 12
55 93 5
55 94 11
55 95 8
55 96 6
55 97 2
55 98 5
55 99 1
56 57 15
56 58 12
56 59 3
56 60 9
56 61 9
56 62 4
56 63 3
56 64 8
56 65 6
56 66 9
56 67 8
56 68 1
56 69 8
56 70 7
56 71 4
56 72 15
56 73 3
56 74 1
56 75 5
56 76 9
56 77 5
56 78 9
56 79 5
56 80 10
56 81 15
56 82 13
56 83 12
56 84 7
56 85 14
56 86 10
56 87 2
56 88 14
56 89 3
56 90 8
56 91 12
56 92 11
56 93 7
56 94 2
56 95 7
56 96 8
56 97 5
56 98 12
56 99 8
57 58 3
57 59 11
57 60 5
57 61 7
57 62 4
57 63 1
57 64 1
57 65 6
57 66 3
57 67 13
57 68 3
57 69 12
57 70 15
57 71 14
57 72 5
57 73 6
57 74 5
57 75 12
57 76 2
57 77 10
57 78 14
57 79 15
57 80 9
57 81 7
57 82 2
57 83 15
57 84 8
57 85 4
57 86 4
57 87 12
57 88 5
57 89 1
57 90 11
57 91 13
57 92 4
57 93 9
57 94 8
57 95 2
57 96 2
57 97 12
57 98 9
57 99 15
58 59 7
58 60 5
58 61 9
58 62 4
58 63 15
58 64 12
58 65 5
58 66 15
58 67 9
58 68 8
58 69 14
58 70 7
58 71 7
58 72 12
58 73 14
58 74 13
58 75 1
58 76 14
58 77 13
58 78 6
58 79 3
58 80 14
58 81 2
58 82 13
58 83 11
58 84 15
58 85 3
58 86 2
58 87 2
58 88 15
58 89 10
58 90 2
58 91 5
58 92 15
58 93 9
58 94 1
58 95 9
58 96 4
58 97 5
58 98 12
58 99 1
59 60 1
59 61 11
59 62 6
59 63 11
59 64 8
59 65 8
59 66 8
59 67 10
59 68 5
59 69 7
59 70 2
59 71 14
59 72 8
59 73 3
59 74 11
59 75 2
59 76 12
59 77 15
59 78 6
59 79 14
59 80 5
59 81 3
59 82 2
59 83 5
59 84 2
59 85 2
59 86 2
59 87 7
59 88 8
59 89 12
59 90 11
59 91 7
59 92 15
59 93 15
59 94 4
59 95 10
59 96 8
59 97 15
59 98 11
59 99 7
60 61 11
60 62 14
60 63 15
60 64 5
60 65 15
60 66 15
60 67 8
60 68 6
60 69 2
60 70 5
60 71 13
60 72 8
60 73 12
60 74 10
60 75 14
60 76 9
60 77 9
60 78 3
60 79 13
60 80 14
60 81 11
60 82 13
60 83 10
60 84 11
60 85 9
60 86 6
60 87 10
60 88 12
60 89 13
60 90 5
60 91 5
60 92 1
60 93 14
60 94 10
60 95 13
60 96 9
60 97 10
60 98 13
60 99 9
61 62 3
61 63 11
61 64 2
61 65 7
61 66 3
61 67 5
61 68 15
61 69 3
61 70 1
61 71 2
61 72 5
61 73 3
61 74 8
61 75 13
61 76 6
61 77 5
61 78 3
61 79 10
61 80 8
61 81 15
61 82 3
61 83 2
61 84 3
61 85 6
61 86 8
61 87 7
61 88 14
61 89 7
61 90 2
61 91 7
61 92 10
61 93 7
61 94 12
61 95 7
61 96 5
61 97 11
61 98 10
61 99 15
62 63 7
62 64 4
62 65 2
62 66 6
62 67 8
62 68 8
62 69 14
62 70 1
62 71 1
62 72 15
62 73 6
62 74 14
62 75 3
62 76 3
62 77 5
62 78 8
62 79 4
62 80 14
62 81 11
62 82 7
62 83 4
62 84 3
62 85 10
62 86 7
62 87 11
62 88 7
62 89 4
62 90 7
62 91 5
62 92 4
62 93 7
62 94 1
62 95 14
62 96 15
62 97 4
62 98 12
62 99 5
63 64 13
63 65 1
63 66 14
63 67 4
63 68 11
63 69 13
63 70 5
63 71 13
63 72 11
63 73 11
63 74 9
63 75 13
63 76 9
63 77 2
63 78 3
63 79 7
63 80 3
63 81 8
63 82 12
63 83 10
63 84 14
63 85 5
63 86 7
63 87 7
63 88 4
63 89 8
63 90 1
63 91 11
63 92 6
63 93 2
63 94 12
63 95 4
63 96 12
63 97 10
63 98 4
63 99 3
64 65 1
64 66 14
64 67 7
64 68 4
64 69 6
64 70 1
64 71 6
64 72 4
64 73 15
64 74 3
64 75 7
64 76 12
64 77 8
64 78 4
64 79 9
64 80 11
64 81 15
64 82 12
64 83 15
64 84 15
64 85 15
64 86 5
64 87 3
64 88 14
64 89 13
64 90 5
64 91 9
64 92 2
64 93 12
64 94 5
64 95 2
64 96 2
64 97 7
64 98 14
64 99 5
65 66 1
65 67 15
65 68 3
65 69 12
65 70 5
65 71 3
65 72 3
65 73 1
65 74 5
65 75 10
65 76 8
65 77 4
65 78 9
65 79 7
65 80 3
65 81 1
65 82 12
65 83 4
65 84 4
65 85 12
65 86 3
65 87 9
65 88 4
65 89 9
65 90 9
65 91 2
65 92 1
65 93 10
65 94 6
65 95 6
65 96 13
65 97 5
65 98 14
65 99 2
66 67 7
66 68 4
66 69 2
66 70 12
66 71 7
66 72 2
66 73 4
66 74 5
66 75 11
66 76 4
66 77 1
66 78 13
66 79 9
66 80 10
66 81 5
66 82 5
66 83 14
66 84 6
66 85 5
66 86 9
66 87 2
66 88 12
66 89 8
66 90 6
66 91 13
66 92 12
66 93 8
66 94 9
66 95 1
66 96 12
66 97 15
66 98 1
66 99 15
67 68 4
67 69 3
67 70 7
67 71 3
67 72 9
67 73 2
67 74 8
67 75 15
67 76 10
67 77 6
67 78 15
67 79 8
67 80 2
67 81 11
67 82 2
67 83 12
67 84 2
67 85 12
67 86 8
67 87 8
67 88 4
67 89 2
67 90 7
67 91 8
67 92 12
67 93 5
67 94 13
67 95 12
67 96 9
67 97 2
67 98 5
67 99 2
68 69 2
68 70 13
68 71 1
68 72 6
68 73 10
68 74 13
68 75 2
68 76 7
68 77 8
68 78 10
68 79 4
68 80 6
68 81 14
68 82 12
68 83 7
68 84 5
68 85 5
68 86 1
68 87 10
68 88 3
68 89 2
68 90 15
68 91 7
68 92 13
68 93 9
68 94 11
68 95 2
68 96 8
68 97 6
68 98 4
68 99 8
69 70 3
69 71 3
69 72 3
69 73 7
69 74 9
69 75 2
69 76 12
69 77 10
69 78 14
69 79 10
69 80 7
69 81 9
69 82 5
69 83 10
69 84 3
69 85 14
69 86 1
69 87 14
69 88 10
69 89 12
69 90 2
69 91 3
69 92 12
69 93 3
69 94 10
69 95 13
69 96 2
69 97 13
69 98 10
69 99 14
70 71 6
70 72 9
70 73 6
70 74 14
70 75 12
70 76 9
70 77 3
70 78 10
70 79 11
70 80 11
70 81 7
70 82 8
70 83 11
70 84 1
70 85 3
70 86 4
70 87 8
70 88 14
70 89 9
70 90 13
70 91 1
70 92 13
70 93 6
70 94 6
70 95 5
70 96 1
70 97 3
70 98 3
70 99 13
71 72 10
71 73 3
71 74 9
71 75 3
71 76 15
71 77 15
71 78 1
71 79 7
71 80 1
71 81 7
71 82 13
71 83 12
71 84 7
71 85 12
71 86 13
71 87 4
71 88 15
71 89 1
71 90 12
71 91 1
71 92 2
71 93 12
71 94 13
71 95 4
71 96 8
71 97 14
71 98 6
71 99 1
72 73 5
72 74 15
72 75 8
72 76 10
72 77 10
72 78 7
72 79 3
72 80 14
72 81 5
72 82 9
72 83 3
72 84 9
72 85 5
72 86 13
72 87 4
72 88 3
72 89 15
72 90 14
72 91 6
72 92 15
72 93 13
72 94 1
72 95 14
72 96 13
72 97 11
72 98 5
72 99 6
73 74 10
73 75 15
73 76 3
73 77 1
73 78 14
73 79 3
73 80 11
73 81 6
73 82 15
73 83 10
73 84 3
73 85 8
73 86 12
73 87 13
73 88 4
73 89 1
73 90 6
73 91 13
73 92 15
73 93 2
73 94 7
73 95 4
73 96 7
73 97 1
73 98 3
73 99 4
74 75 4
74 76 6
74 77 5
74 78 7
74 79 12
74 80 12
74 81 9
74 82 13
74 83 3
74 84 11
74 85 1
74 86 12
74 87 4
74 88 10
74 89 10
74 90 14
74 91 3
74 92 12
74 93 4
74 94 2
74 95 3
74 96 5
74 97 4
74 98 13
74 99 11
75 76 2
75 77 6
75 78 13
75 79 2
75 80 10
75 81 5
75 82 7
75 83 15
75 84 12
75 85 1
75 86 1
75 87 6
75 88 5
75 89 15
75 90 2
75 91 6
75 92 8
75 93 10
75 94 12
75 95 7
75 96 13
75 97 3
75 98 10
75 99 6
76 77 11
76 78 7
76 79 7
76 80 8
76 81 8
76 82 14
76 83 13
76 84 8
76 85 10
76 86 8
76 87 9
76 88 5
76 89 12
76 90 1
76 91 15
76 92 10
76 93 2
76 94 7
76 95 9
76 96 10
76 97 14
76 98 8
76 99 5
77 78 10
77 79 10
77 80 9
77 81 5
77 82 8
77 83 13
77 84 9
77 85 3
77 86 3
77 87 10
77 88 6
77 89 7
77 90 10
77 91 11
77 92 15
77 93 1
77 94 14
77 95 9
77 96 1
77 97 2
77 98 1
77 99 12
78 79 3
78 80 9
78 81 7
78 82 2
78 83 15
78 84 15
78 85 4
78 86 5
78 87 4
78 88 5
78 89 10
78 90 5
78 91 6
78 92 6
78 93 1
78 94 2
78 95 1
78 96 12
78 97 6
78 98 9
78 99 13
79 80 9
79 81 3
79 82 4
79 83 2
79 84 7
79 85 1
79 86 4
79 87 10
79 88 9
79 89 8
79 90 14
79 91 7
79 92 8
79 93 10
79 94 14
79 95 9
79 96 7
79 97 3
79 98 14
79 99 1
80 81 1
80 82 13
80 83 6
80 84 4
80 85 11
80 86 3
80 87 12
80 88 10
80 89 12
80 90 5
80 91 9
80 92 15
80 93 7
80 94 13
80 95 14
80 96 8
80 97 2
80 98 11
80 99 2
81 82 1
81 83 10
81 84 11
81 85 10
81 86 1
81 87 13
81 88 5
81 89 7
81 90 12
81 91 1
81 92 1
81 93 2
81 94 1
81 95 13
81 96 8
81 97 1
81 98 9
81 99 14
82 83 12
82 84 7
82 85 11
82 86 8
82 87 8
82 88 10
82 89 9
82 90 4
82 91 12
82 92 5
82 93 12
82 94 15
82 95 5
82 96 10
82 97 2
82 98 10
82 99 1
83 84 9
83 85 7
83 86 1
83 87 14
83 88 9
83 89 2
83 90 10
83 91 14
83 92 1
83 93 6
83 94 2
83 95 2
83 96 8
83 97 5
83 98 10
83 99 15
84 85 1
84 86 10
84 87 10
84 88 14
84 89 5
84 90 9
84 91 4
84 92 14
84 93 7
84 94 12
84 95 3
84 96 13
84 97 13
84 98 2
84 99 7
85 86 10
85 87 10
85 88 6
85 89 11
85 90 9
85 91 3
85 92 6
85 93 1
85 94 8
85 95 2
85 96 15
85 97 13
85 98 8
85 99 13
86 87 9
86 88 14
86 89 12
86 90 2
86 91 6
86 92 4
86 93 10
86 94 8
86 95 15
86 96 4
86 97 14
86 98 10
86 99 4
87 88 15
87 89 9
87 90 15
87 91 1
87 92 10
87 93 3
87 94 10
87 95 1
87 96 4
87 97 1
87 98 15
87 99 14
88 89 3
88 90 1
88 91 15
88 92 6
88 93 11
88 94 3
88 95 11
88 96 7
88 97 3
88 98 8
88 99 1
89 90 1
89 91 3
89 92 14
89 93 15
89 94 14
89 95 11
89 96 9
89 97 15
89 98 13
89 99 2
90 91 10
90 92 6
90 93 12
90 94 5
90 95 3
90 96 4
90 97 3
90 98 8
90 99 1
91 92 14
91 93 7
91 94 14
91 95 14
91 96 11
91 97 7
91 98 5
91 99 15
92 93 10
92 94 3
92 95 10
92 96 10
92 97 1
92 98 9
92 99 15
93 94 15
93 95 9
93 96 14
93 97 15
93 98 13
93 99 15
94 95 3
94 96 13
94 97 3
94 98 14
94 99 7
95 96 5
95 97 13
95 98 6
95 99 11
96 97 13
96 98 10
96 99 15
97 98 3
97 99 15
98 99 8
